 AP       XCENTER       YCENTER        APSIZE       PIXPEAK          WAVE       WAVEERR             Z          ZERR         SIGNAL         NOISE          RATIO      BBEWREST   BBEWRESTERR       WAVEFIT    WAVEFITERR          FWHM       FWHMERR          FLIM
--- ------------- ------------- ------------- ------------- ------------- ------------- ------------- ------------- -------------- ------------- -------------- ------------- ------------- ------------- ------------- ------------- ------------- -------------
  1      729.0000      257.7520      1.000000      0.000000      0.000000      0.000000      0.000000      0.000000   1.038327E-19  5.075378E-19      0.2045812      0.000000      0.000000      0.000000      0.000000      0.000000      0.000000  1.767645E-19
  2      729.0000      257.7520      3.000000      0.000000      0.000000      0.000000      0.000000      0.000000   2.683835E-19  7.752753E-19      0.3461783      0.000000      0.000000      0.000000      0.000000      0.000000      0.000000  2.973079E-19
  3      729.0000      257.7520      5.000000      0.000000      0.000000      0.000000      0.000000      0.000000   3.826789E-19  9.803144E-19      0.3903634      0.000000      0.000000      0.000000      0.000000      0.000000      0.000000  3.486560E-19
  4      729.0000      257.7520      7.000000      0.000000      0.000000      0.000000      0.000000      0.000000   4.110923E-19  1.033823E-18      0.3976430      0.000000      0.000000      0.000000      0.000000      0.000000      0.000000  4.149600E-19
  5      729.0000      257.7520      9.000000      0.000000      0.000000      0.000000      0.000000      0.000000   4.280853E-19  1.188881E-18      0.3600743      0.000000      0.000000      0.000000      0.000000      0.000000      0.000000  4.420482E-19
  6      729.0000      257.7520      11.00000      0.000000      0.000000      0.000000      0.000000      0.000000   5.946476E-19  1.281501E-18      0.4640244      0.000000      0.000000      0.000000      0.000000      0.000000      0.000000  4.865900E-19
  7      729.0000      257.7520      13.00000      0.000000      0.000000      0.000000      0.000000      0.000000   5.698702E-19  1.384932E-18      0.4114789      0.000000      0.000000      0.000000      0.000000      0.000000      0.000000  5.487770E-19
  8      729.0000      257.7520      15.00000      0.000000      0.000000      0.000000      0.000000      0.000000   4.935499E-19  1.483202E-18      0.3327598      0.000000      0.000000      0.000000      0.000000      0.000000      0.000000  5.638735E-19
  9      729.0000      257.7520      17.00000      0.000000      0.000000      0.000000      0.000000      0.000000   6.695081E-19  1.446729E-18      0.4627738      0.000000      0.000000      0.000000      0.000000      0.000000      0.000000  5.814396E-19
 10      729.0000      257.7520      19.00000      0.000000      0.000000      0.000000      0.000000      0.000000   7.647654E-19  1.708094E-18      0.4477303      0.000000      0.000000      0.000000      0.000000      0.000000      0.000000  6.223368E-19
 11      729.0000      257.7520      21.00000      0.000000      0.000000      0.000000      0.000000      0.000000   1.102453E-18  1.842554E-18      0.5983285      0.000000      0.000000      0.000000      0.000000      0.000000      0.000000  6.210251E-19
 12      729.0000      257.7520      23.00000      0.000000      0.000000      0.000000      0.000000      0.000000   1.507728E-18  1.779940E-18      0.8470670      0.000000      0.000000      0.000000      0.000000      0.000000      0.000000  6.231600E-19
 13      729.0000      257.7520      25.00000      0.000000      0.000000      0.000000      0.000000      0.000000   1.183748E-18  2.182479E-18      0.5423868      0.000000      0.000000      0.000000      0.000000      0.000000      0.000000  7.056990E-19
 14      729.0000      257.7520      27.00000      0.000000      0.000000      0.000000      0.000000      0.000000   8.275178E-19  2.148484E-18      0.3851636      0.000000      0.000000      0.000000      0.000000      0.000000      0.000000  6.842076E-19
 15      729.0000      257.7520      29.00000      0.000000      0.000000      0.000000      0.000000      0.000000   4.818882E-19  2.052007E-18      0.2348375      0.000000      0.000000      0.000000      0.000000      0.000000      0.000000  7.236290E-19
 16      729.0000      257.7520      31.00000      0.000000      0.000000      0.000000      0.000000      0.000000   6.588844E-19  2.146080E-18      0.3070176      0.000000      0.000000      0.000000      0.000000      0.000000      0.000000  7.599725E-19
 17      729.0000      257.7520      33.00000      0.000000      0.000000      0.000000      0.000000      0.000000   7.513983E-19  2.361595E-18      0.3181741      0.000000      0.000000      0.000000      0.000000      0.000000      0.000000  7.983482E-19
 18      729.0000      257.7520      35.00000      0.000000      0.000000      0.000000      0.000000      0.000000   1.113791E-18  2.198972E-18      0.5065051      0.000000      0.000000      0.000000      0.000000      0.000000      0.000000  8.026159E-19
 19      729.0000      257.7520      37.00000      0.000000      0.000000      0.000000      0.000000      0.000000   8.705915E-19  2.157100E-18      0.4035935      0.000000      0.000000      0.000000      0.000000      0.000000      0.000000  8.713893E-19
 20      729.0000      257.7520      39.00000      0.000000      0.000000      0.000000      0.000000      0.000000   8.586314E-19  2.271034E-18      0.3780795      0.000000      0.000000      0.000000      0.000000      0.000000      0.000000  9.151485E-19
 21      729.0000      257.7520      41.00000      0.000000      0.000000      0.000000      0.000000      0.000000   1.353454E-18  2.215582E-18      0.6108797      0.000000      0.000000      0.000000      0.000000      0.000000      0.000000  9.096969E-19
 22      729.0000      257.7520      43.00000      0.000000      0.000000      0.000000      0.000000      0.000000   1.137389E-18  2.237118E-18      0.5084173      0.000000      0.000000      0.000000      0.000000      0.000000      0.000000  9.562788E-19
 23      729.0000      257.7520      45.00000      0.000000      0.000000      0.000000      0.000000      0.000000   1.349480E-18  2.444252E-18      0.5521034      0.000000      0.000000      0.000000      0.000000      0.000000      0.000000  9.378948E-19
 24      729.0000      257.7520      47.00000      0.000000      0.000000      0.000000      0.000000      0.000000   1.604547E-18  2.293559E-18      0.6995882      0.000000      0.000000      0.000000      0.000000      0.000000      0.000000  9.725325E-19
 25      729.0000      257.7520      49.00000      0.000000      0.000000      0.000000      0.000000      0.000000   1.265277E-18  2.339364E-18      0.5408637      0.000000      0.000000      0.000000      0.000000      0.000000      0.000000  1.110623E-18
 26      729.0000      257.7520      51.00000      0.000000      0.000000      0.000000      0.000000      0.000000   1.381205E-18  2.497906E-18      0.5529449      0.000000      0.000000      0.000000      0.000000      0.000000      0.000000  1.054422E-18
 27      729.0000      257.7520      53.00000      0.000000      0.000000      0.000000      0.000000      0.000000   1.567296E-18  2.440915E-18      0.6420939      0.000000      0.000000      0.000000      0.000000      0.000000      0.000000  1.091517E-18
 28      729.0000      257.7520      55.00000      0.000000      0.000000      0.000000      0.000000      0.000000   2.210116E-18  2.149930E-18       1.027994      0.000000      0.000000      0.000000      0.000000      0.000000      0.000000  1.103312E-18
 29      729.0000      257.7520      57.00000      0.000000      0.000000      0.000000      0.000000      0.000000   1.743335E-18  2.423523E-18      0.7193392      0.000000      0.000000      0.000000      0.000000      0.000000      0.000000  1.138761E-18
 30      729.0000      257.7520      59.00000      0.000000      0.000000      0.000000      0.000000      0.000000   2.145554E-18  2.351497E-18      0.9124202      0.000000      0.000000      0.000000      0.000000      0.000000      0.000000  1.122424E-18
 31      729.0000      257.7520      61.00000      0.000000      0.000000      0.000000      0.000000      0.000000   2.596302E-18  2.538805E-18       1.022647      0.000000      0.000000      0.000000      0.000000      0.000000      0.000000  1.102181E-18
 32      729.0000      257.7520      63.00000      0.000000      0.000000      0.000000      0.000000      0.000000   1.410329E-18  2.172618E-18      0.6491381      0.000000      0.000000      0.000000      0.000000      0.000000      0.000000  1.225825E-18
 33      729.0000      257.7520      65.00000      0.000000      0.000000      0.000000      0.000000      0.000000   3.593835E-18  3.554435E-18       1.011085      0.000000      0.000000      0.000000      0.000000      0.000000      0.000000  1.328279E-18
 34      729.0000      257.7520      67.00000      0.000000      0.000000      0.000000      0.000000      0.000000   1.730691E-18  2.465390E-18      0.7019949      0.000000      0.000000      0.000000      0.000000      0.000000      0.000000  1.173562E-18
 35      729.0000      257.7520      69.00000      0.000000      0.000000      0.000000      0.000000      0.000000   1.862386E-18  2.487895E-18      0.7485789      0.000000      0.000000      0.000000      0.000000      0.000000      0.000000  1.169577E-18
 36      729.0000      257.7520      71.00000      0.000000      0.000000      0.000000      0.000000      0.000000   2.407289E-18  3.196670E-18      0.7530613      0.000000      0.000000      0.000000      0.000000      0.000000      0.000000  1.174982E-18
 37      729.0000      257.7520      73.00000      0.000000      0.000000      0.000000      0.000000      0.000000   1.822897E-18  2.414599E-18      0.7549484      0.000000      0.000000      0.000000      0.000000      0.000000      0.000000  1.213690E-18
 38      729.0000      257.7520      75.00000      0.000000      0.000000      0.000000      0.000000      0.000000   2.144349E-18  2.534530E-18      0.8460540      0.000000      0.000000      0.000000      0.000000      0.000000      0.000000  1.186576E-18
 39      729.0000      257.7520      77.00000      0.000000      0.000000      0.000000      0.000000      0.000000   1.734036E-18  2.421764E-18      0.7160218      0.000000      0.000000      0.000000      0.000000      0.000000      0.000000  1.203867E-18
 40      729.0000      257.7520      79.00000      0.000000      0.000000      0.000000      0.000000      0.000000   2.558161E-18  2.259321E-18       1.132270      0.000000      0.000000      0.000000      0.000000      0.000000      0.000000  1.535154E-18
 41      729.0000      257.7520      81.00000      0.000000      0.000000      0.000000      0.000000      0.000000   2.233795E-19  2.752227E-18     0.08116318      0.000000      0.000000      0.000000      0.000000      0.000000      0.000000  1.215047E-18
 42      729.0000      257.7520      83.00000      0.000000      0.000000      0.000000      0.000000      0.000000   4.517354E-19  2.825305E-18      0.1598891      0.000000      0.000000      0.000000      0.000000      0.000000      0.000000  1.225172E-18
 43      729.0000      257.7520      85.00000      0.000000      0.000000      0.000000      0.000000      0.000000   2.343427E-19  3.012014E-18     0.07780266      0.000000      0.000000      0.000000      0.000000      0.000000      0.000000  1.229253E-18
 44      729.0000      257.7520      87.00000      0.000000      0.000000      0.000000      0.000000      0.000000   5.391161E-19  3.240937E-18      0.1663457      0.000000      0.000000      0.000000      0.000000      0.000000      0.000000  1.249206E-18
 45      729.0000      257.7520      89.00000      0.000000      0.000000      0.000000      0.000000      0.000000   1.146251E-19  2.644208E-18     0.04334951      0.000000      0.000000      0.000000      0.000000      0.000000      0.000000  1.306051E-18
 46      729.0000      257.7520      91.00000      0.000000      0.000000      0.000000      0.000000      0.000000   2.123111E-19  2.659877E-18     0.07981990      0.000000      0.000000      0.000000      0.000000      0.000000      0.000000  1.350456E-18
 47      729.0000      257.7520      93.00000      0.000000      0.000000      0.000000      0.000000      0.000000   6.206521E-19  2.862597E-18      0.2168144      0.000000      0.000000      0.000000      0.000000      0.000000      0.000000  1.349048E-18
 48      729.0000      257.7520      95.00000      0.000000      0.000000      0.000000      0.000000      0.000000   3.725844E-19  3.162075E-18      0.1178291      0.000000      0.000000      0.000000      0.000000      0.000000      0.000000  1.369934E-18
 49      729.0000      257.7520      97.00000      0.000000      0.000000      0.000000      0.000000      0.000000  -6.715020E-20  2.759299E-18    -0.02433596      0.000000      0.000000      0.000000      0.000000      0.000000      0.000000  1.415264E-18
 50      729.0000      257.7520      99.00000      0.000000      0.000000      0.000000      0.000000      0.000000   3.329840E-19  2.838684E-18      0.1173022      0.000000      0.000000      0.000000      0.000000      0.000000      0.000000  1.377271E-18
 51      729.0000      257.7520      101.0000      0.000000      0.000000      0.000000      0.000000      0.000000   3.401366E-20  2.826847E-18     0.01203237      0.000000      0.000000      0.000000      0.000000      0.000000      0.000000  1.454282E-18
 52      729.0000      257.7520      103.0000      0.000000      0.000000      0.000000      0.000000      0.000000   2.809320E-19  2.985639E-18     0.09409442      0.000000      0.000000      0.000000      0.000000      0.000000      0.000000  1.454300E-18
 53      729.0000      257.7520      105.0000      0.000000      0.000000      0.000000      0.000000      0.000000   7.183100E-19  3.154007E-18      0.2277452      0.000000      0.000000      0.000000      0.000000      0.000000      0.000000  1.440669E-18
 54      729.0000      257.7520      107.0000      0.000000      0.000000      0.000000      0.000000      0.000000   5.524742E-19  2.891448E-18      0.1910718      0.000000      0.000000      0.000000      0.000000      0.000000      0.000000  1.546627E-18
 55      729.0000      257.7520      109.0000      0.000000      0.000000      0.000000      0.000000      0.000000   2.127284E-19  2.766917E-18     0.07688284      0.000000      0.000000      0.000000      0.000000      0.000000      0.000000  1.536420E-18
 56      729.0000      257.7520      111.0000      0.000000      0.000000      0.000000      0.000000      0.000000   1.683148E-18  3.922289E-18      0.4291239      0.000000      0.000000      0.000000      0.000000      0.000000      0.000000  1.606796E-18
 57      729.0000      257.7520      113.0000      0.000000      0.000000      0.000000      0.000000      0.000000   6.335846E-20  2.785230E-18     0.02274801      0.000000      0.000000      0.000000      0.000000      0.000000      0.000000  1.688994E-18
 58      729.0000      257.7520      115.0000      0.000000      0.000000      0.000000      0.000000      0.000000   1.823682E-18  2.737115E-18      0.6662791      0.000000      0.000000      0.000000      0.000000      0.000000      0.000000  1.599034E-18
 59      729.0000      257.7520      117.0000      0.000000      0.000000      0.000000      0.000000      0.000000  -7.362195E-19  3.495553E-18     -0.2106160      0.000000      0.000000      0.000000      0.000000      0.000000      0.000000  2.116161E-18
 60      729.0000      257.7520      119.0000      0.000000      0.000000      0.000000      0.000000      0.000000   1.375904E-18  3.989879E-18      0.3448487      0.000000      0.000000      0.000000      0.000000      0.000000      0.000000  1.677139E-18
 61      729.0000      257.7520      121.0000      0.000000      0.000000      0.000000      0.000000      0.000000  -1.118426E-18  3.296397E-18     -0.3392874      0.000000      0.000000      0.000000      0.000000      0.000000      0.000000  1.758992E-18
 62      729.0000      257.7520      123.0000      0.000000      0.000000      0.000000      0.000000      0.000000  -7.117750E-19  3.958589E-18     -0.1798052      0.000000      0.000000      0.000000      0.000000      0.000000      0.000000  1.849174E-18
 63      729.0000      257.7520      125.0000      0.000000      0.000000      0.000000      0.000000      0.000000  -2.780315E-21  3.320684E-18  -0.0008372718      0.000000      0.000000      0.000000      0.000000      0.000000      0.000000  1.955937E-18
 64      729.0000      257.7520      127.0000      0.000000      0.000000      0.000000      0.000000      0.000000  -1.303970E-18  3.778309E-18     -0.3451199      0.000000      0.000000      0.000000      0.000000      0.000000      0.000000  2.186393E-18
 65      729.0000      257.7520      129.0000      0.000000      0.000000      0.000000      0.000000      0.000000  -1.378827E-18  3.239172E-18     -0.4256725      0.000000      0.000000      0.000000      0.000000      0.000000      0.000000  2.141792E-18
 66      729.0000      257.7520      131.0000      0.000000      0.000000      0.000000      0.000000      0.000000  -2.193192E-18  2.863757E-18     -0.7658444      0.000000      0.000000      0.000000      0.000000      0.000000      0.000000  2.230028E-18
 67      729.0000      257.7520      133.0000      0.000000      0.000000      0.000000      0.000000      0.000000  -1.617373E-18  3.008267E-18     -0.5376429      0.000000      0.000000      0.000000      0.000000      0.000000      0.000000  2.183657E-18
 68      729.0000      257.7520      135.0000      0.000000      0.000000      0.000000      0.000000      0.000000   2.802923E-18  5.496784E-18      0.5099205      0.000000      0.000000      0.000000      0.000000      0.000000      0.000000  2.610738E-18
 69      729.0000      257.7520      137.0000      0.000000      0.000000      0.000000      0.000000      0.000000  -4.076781E-19  3.082293E-18     -0.1322646      0.000000      0.000000      0.000000      0.000000      0.000000      0.000000  2.140327E-18
 70      729.0000      257.7520      139.0000      0.000000      0.000000      0.000000      0.000000      0.000000   1.458606E-19  3.110560E-18     0.04689206      0.000000      0.000000      0.000000      0.000000      0.000000      0.000000  2.463302E-18
 71      729.0000      257.7520      141.0000      0.000000      0.000000      0.000000      0.000000      0.000000  -1.127728E-18  3.085189E-18     -0.3655298      0.000000      0.000000      0.000000      0.000000      0.000000      0.000000  2.303808E-18
 72      729.0000      257.7520      143.0000      0.000000      0.000000      0.000000      0.000000      0.000000  -9.867854E-19  3.134864E-18     -0.3147777      0.000000      0.000000      0.000000      0.000000      0.000000      0.000000  2.309197E-18
 73      729.0000      257.7520      145.0000      0.000000      0.000000      0.000000      0.000000      0.000000  -9.067119E-19  3.469506E-18     -0.2613375      0.000000      0.000000      0.000000      0.000000      0.000000      0.000000  2.435811E-18
 74      729.0000      257.7520      147.0000      0.000000      0.000000      0.000000      0.000000      0.000000  -6.560432E-19  3.181605E-18     -0.2061988      0.000000      0.000000      0.000000      0.000000      0.000000      0.000000  2.457648E-18
 75      729.0000      257.7520      149.0000      0.000000      0.000000      0.000000      0.000000      0.000000  -4.717374E-19  3.429613E-18     -0.1375483      0.000000      0.000000      0.000000      0.000000      0.000000      0.000000  2.434894E-18
 76      729.0000      257.7520      151.0000      0.000000      0.000000      0.000000      0.000000      0.000000  -2.170857E-20  3.173966E-18   -0.006839571      0.000000      0.000000      0.000000      0.000000      0.000000      0.000000  2.511708E-18
 77      729.0000      257.7520      153.0000      0.000000      0.000000      0.000000      0.000000      0.000000  -2.397820E-19  3.386798E-18    -0.07079901      0.000000      0.000000      0.000000      0.000000      0.000000      0.000000  2.667597E-18
 78      729.0000      257.7520      155.0000      0.000000      0.000000      0.000000      0.000000      0.000000  -1.121594E-18  3.120264E-18     -0.3594550      0.000000      0.000000      0.000000      0.000000      0.000000      0.000000  2.618967E-18
 79      729.0000      257.7520      157.0000      0.000000      0.000000      0.000000      0.000000      0.000000  -1.302590E-19  3.308864E-18    -0.03936669      0.000000      0.000000      0.000000      0.000000      0.000000      0.000000  2.654814E-18
 80      729.0000      257.7520      159.0000      0.000000      0.000000      0.000000      0.000000      0.000000   1.003960E-19  3.222858E-18     0.03115124      0.000000      0.000000      0.000000      0.000000      0.000000      0.000000  2.698527E-18
 81      729.0000      257.7520      161.0000      0.000000      0.000000      0.000000      0.000000      0.000000   5.382662E-19  3.035114E-18      0.1773463      0.000000      0.000000      0.000000      0.000000      0.000000      0.000000  2.761205E-18
 82      729.0000      257.7520      163.0000      0.000000      0.000000      0.000000      0.000000      0.000000   9.203287E-20  3.543345E-18     0.02597344      0.000000      0.000000      0.000000      0.000000      0.000000      0.000000  2.826814E-18
 83      729.0000      257.7520      165.0000      0.000000      0.000000      0.000000      0.000000      0.000000   7.725302E-19  3.425533E-18      0.2255212      0.000000      0.000000      0.000000      0.000000      0.000000      0.000000  3.073113E-18
 84      729.0000      257.7520      167.0000      0.000000      0.000000      0.000000      0.000000      0.000000  -8.872983E-20  4.100597E-18    -0.02163827      0.000000      0.000000      0.000000      0.000000      0.000000      0.000000  2.600649E-18
 85      729.0000      257.7520      169.0000      0.000000      0.000000      0.000000      0.000000      0.000000   2.942660E-19  3.298831E-18     0.08920311      0.000000      0.000000      0.000000      0.000000      0.000000      0.000000  2.789571E-18
 86      729.0000      257.7520      171.0000      0.000000      0.000000      0.000000      0.000000      0.000000   4.554640E-19  3.570709E-18      0.1275556      0.000000      0.000000      0.000000      0.000000      0.000000      0.000000  2.810254E-18
 87      729.0000      257.7520      173.0000      0.000000      0.000000      0.000000      0.000000      0.000000   1.319426E-18  3.709486E-18      0.3556897      0.000000      0.000000      0.000000      0.000000      0.000000      0.000000  2.870548E-18
 88      729.0000      257.7520      175.0000      0.000000      0.000000      0.000000      0.000000      0.000000   1.068281E-18  3.419889E-18      0.3123731      0.000000      0.000000      0.000000      0.000000      0.000000      0.000000  2.990102E-18
 89      729.0000      257.7520      177.0000      0.000000      0.000000      0.000000      0.000000      0.000000   1.397985E-18  3.637663E-18      0.3843086      0.000000      0.000000      0.000000      0.000000      0.000000      0.000000  3.121237E-18
 90      729.0000      257.7520      179.0000      0.000000      0.000000      0.000000      0.000000      0.000000   1.090059E-18  3.521181E-18      0.3095720      0.000000      0.000000      0.000000      0.000000      0.000000      0.000000  3.174271E-18
 91      729.0000      257.7520      181.0000      0.000000      0.000000      0.000000      0.000000      0.000000   4.186996E-19  3.633945E-18      0.1152190      0.000000      0.000000      0.000000      0.000000      0.000000      0.000000  3.317683E-18
 92      729.0000      257.7520      183.0000      0.000000      0.000000      0.000000      0.000000      0.000000   6.482413E-19  3.566217E-18      0.1817728      0.000000      0.000000      0.000000      0.000000      0.000000      0.000000  3.332255E-18
 93      729.0000      257.7520      185.0000      0.000000      0.000000      0.000000      0.000000      0.000000   2.131514E-18  3.653221E-18      0.5834615      0.000000      0.000000      0.000000      0.000000      0.000000      0.000000  3.345127E-18
 94      729.0000      257.7520      187.0000      0.000000      0.000000      0.000000      0.000000      0.000000   2.517029E-18  3.633953E-18      0.6926421      0.000000      0.000000      0.000000      0.000000      0.000000      0.000000  3.409704E-18
 95      729.0000      257.7520      189.0000      0.000000      0.000000      0.000000      0.000000      0.000000   2.996182E-18  3.746347E-18      0.7997609      0.000000      0.000000      0.000000      0.000000      0.000000      0.000000  3.460826E-18
 96      729.0000      257.7520      191.0000      0.000000      0.000000      0.000000      0.000000      0.000000   3.407023E-18  3.752763E-18      0.9078706      0.000000      0.000000      0.000000      0.000000      0.000000      0.000000  3.435662E-18
 97      729.0000      257.7520      193.0000      0.000000      0.000000      0.000000      0.000000      0.000000   3.437906E-18  3.868169E-18      0.8887682      0.000000      0.000000      0.000000      0.000000      0.000000      0.000000  3.543341E-18
 98      729.0000      257.7520      195.0000      0.000000      0.000000      0.000000      0.000000      0.000000   3.604525E-18  3.936786E-18      0.9156011      0.000000      0.000000      0.000000      0.000000      0.000000      0.000000  3.574964E-18
 99      729.0000      257.7520      197.0000      0.000000      0.000000      0.000000      0.000000      0.000000   4.113716E-18  3.956868E-18       1.039639      0.000000      0.000000      0.000000      0.000000      0.000000      0.000000  3.598518E-18
100      729.0000      257.7520      199.0000      0.000000      0.000000      0.000000      0.000000      0.000000   4.150893E-18  3.887977E-18       1.067623      0.000000      0.000000      0.000000      0.000000      0.000000      0.000000  3.487539E-18
101      729.0000      257.7520      201.0000      0.000000      0.000000      0.000000      0.000000      0.000000   5.046113E-18  3.899546E-18       1.294026      0.000000      0.000000      0.000000      0.000000      0.000000      0.000000  3.497748E-18
102      729.0000      257.7520      203.0000      0.000000      0.000000      0.000000      0.000000      0.000000   4.345712E-18  3.900020E-18       1.114279      0.000000      0.000000      0.000000      0.000000      0.000000      0.000000  3.482811E-18
103      729.0000      257.7520      205.0000      0.000000      0.000000      0.000000      0.000000      0.000000   2.510410E-18  3.806353E-18      0.6595316      0.000000      0.000000      0.000000      0.000000      0.000000      0.000000  3.413316E-18
104      729.0000      257.7520      207.0000      0.000000      0.000000      0.000000      0.000000      0.000000   3.974784E-18  4.026017E-18      0.9872746      0.000000      0.000000      0.000000      0.000000      0.000000      0.000000  3.573942E-18
105      729.0000      257.7520      209.0000      0.000000      0.000000      0.000000      0.000000      0.000000   3.560180E-18  4.045872E-18      0.8799535      0.000000      0.000000      0.000000      0.000000      0.000000      0.000000  3.566374E-18
106      729.0000      257.7520      211.0000      0.000000      0.000000      0.000000      0.000000      0.000000   5.413497E-18  4.081462E-18       1.326362      0.000000      0.000000      0.000000      0.000000      0.000000      0.000000  3.724600E-18
107      729.0000      257.7520      213.0000      0.000000      0.000000      0.000000      0.000000      0.000000   2.738146E-18  4.058354E-18      0.6746938      0.000000      0.000000      0.000000      0.000000      0.000000      0.000000  3.612053E-18
108      729.0000      257.7520      215.0000      0.000000      0.000000      0.000000      0.000000      0.000000   3.407232E-18  4.106881E-18      0.8296398      0.000000      0.000000      0.000000      0.000000      0.000000      0.000000  3.667550E-18
109      729.0000      257.7520      217.0000      0.000000      0.000000      0.000000      0.000000      0.000000   4.992272E-18  4.212743E-18       1.185041      0.000000      0.000000      0.000000      0.000000      0.000000      0.000000  3.734463E-18
110      729.0000      257.7520      219.0000      0.000000      0.000000      0.000000      0.000000      0.000000   4.573265E-18  4.176701E-18       1.094947      0.000000      0.000000      0.000000      0.000000      0.000000      0.000000  3.709691E-18
111      729.0000      257.7520      221.0000      0.000000      0.000000      0.000000      0.000000      0.000000   5.583899E-18  4.177602E-18       1.336628      0.000000      0.000000      0.000000      0.000000      0.000000      0.000000  3.763963E-18
112      729.0000      257.7520      223.0000      0.000000      0.000000      0.000000      0.000000      0.000000   5.816383E-18  4.309819E-18       1.349565      0.000000      0.000000      0.000000      0.000000      0.000000      0.000000  3.839102E-18
113      729.0000      257.7520      225.0000      0.000000      0.000000      0.000000      0.000000      0.000000   4.841849E-18  4.397279E-18       1.101101      0.000000      0.000000      0.000000      0.000000      0.000000      0.000000  3.888105E-18
114      729.0000      257.7520      227.0000      0.000000      0.000000      0.000000      0.000000      0.000000   5.445437E-18  4.363676E-18       1.247901      0.000000      0.000000      0.000000      0.000000      0.000000      0.000000  3.855895E-18
115      729.0000      257.7520      229.0000      0.000000      0.000000      0.000000      0.000000      0.000000   4.328292E-18  4.347304E-18      0.9956269      0.000000      0.000000      0.000000      0.000000      0.000000      0.000000  3.825322E-18
116      729.0000      257.7520      231.0000      0.000000      0.000000      0.000000      0.000000      0.000000   5.196418E-18  4.407004E-18       1.179127      0.000000      0.000000      0.000000      0.000000      0.000000      0.000000  3.876238E-18
117      729.0000      257.7520      233.0000      0.000000      0.000000      0.000000      0.000000      0.000000   2.586994E-18  4.301905E-18      0.6013602      0.000000      0.000000      0.000000      0.000000      0.000000      0.000000  3.836248E-18
118      729.0000      257.7520      235.0000      0.000000      0.000000      0.000000      0.000000      0.000000   4.526534E-18  4.513217E-18       1.002951      0.000000      0.000000      0.000000      0.000000      0.000000      0.000000  3.964193E-18
119      729.0000      257.7520      237.0000      0.000000      0.000000      0.000000      0.000000      0.000000   6.489350E-18  4.571837E-18       1.419419      0.000000      0.000000      0.000000      0.000000      0.000000      0.000000  4.023396E-18
120      729.0000      257.7520      239.0000      0.000000      0.000000      0.000000      0.000000      0.000000   6.227525E-18  4.580187E-18       1.359666      0.000000      0.000000      0.000000      0.000000      0.000000      0.000000  4.017774E-18
121      729.0000      257.7520      241.0000      0.000000      0.000000      0.000000      0.000000      0.000000   3.962372E-18  4.705793E-18      0.8420202      0.000000      0.000000      0.000000      0.000000      0.000000      0.000000  4.013228E-18
122      729.0000      257.7520      243.0000      0.000000      0.000000      0.000000      0.000000      0.000000   6.249763E-18  4.701254E-18       1.329382      0.000000      0.000000      0.000000      0.000000      0.000000      0.000000  4.148486E-18
123      729.0000      257.7520      245.0000      0.000000      0.000000      0.000000      0.000000      0.000000   9.450510E-19  4.570454E-18      0.2067740      0.000000      0.000000      0.000000      0.000000      0.000000      0.000000  4.137844E-18
124      729.0000      257.7520      247.0000      0.000000      0.000000      0.000000      0.000000      0.000000   1.268654E-17  5.856291E-18       2.166309      0.000000      0.000000      0.000000      0.000000      0.000000      0.000000  5.237542E-18
125      729.0000      257.7520      249.0000      0.000000      0.000000      0.000000      0.000000      0.000000   7.427062E-18  4.834008E-18       1.536419      0.000000      0.000000      0.000000      0.000000      0.000000      0.000000  4.244713E-18
126      729.0000      257.7520      251.0000      0.000000      0.000000      0.000000      0.000000      0.000000   6.152028E-18  4.740844E-18       1.297665      0.000000      0.000000      0.000000      0.000000      0.000000      0.000000  4.173042E-18
127      729.0000      257.7520      253.0000      0.000000      0.000000      0.000000      0.000000      0.000000   7.216409E-18  4.802372E-18       1.502676      0.000000      0.000000      0.000000      0.000000      0.000000      0.000000  4.212351E-18
128      729.0000      257.7520      255.0000      0.000000      0.000000      0.000000      0.000000      0.000000   8.384753E-18  4.869898E-18       1.721751      0.000000      0.000000      0.000000      0.000000      0.000000      0.000000  4.260716E-18
129      729.0000      257.7520      257.0000      0.000000      0.000000      0.000000      0.000000      0.000000   9.617338E-18  5.122507E-18       1.877467      0.000000      0.000000      0.000000      0.000000      0.000000      0.000000  4.484612E-18
130      729.0000      257.7520      259.0000      0.000000      0.000000      0.000000      0.000000      0.000000   1.205604E-17  6.233544E-18       1.934058      0.000000      0.000000      0.000000      0.000000      0.000000      0.000000  5.569217E-18
131      729.0000      257.7520      261.0000      0.000000      0.000000      0.000000      0.000000      0.000000   1.054931E-17  5.180386E-18       2.036394      0.000000      0.000000      0.000000      0.000000      0.000000      0.000000  4.551560E-18
132      729.0000      257.7520      263.0000      0.000000      0.000000      0.000000      0.000000      0.000000   9.788892E-18  5.144730E-18       1.902703      0.000000      0.000000      0.000000      0.000000      0.000000      0.000000  4.513670E-18
133      729.0000      257.7520      265.0000      0.000000      0.000000      0.000000      0.000000      0.000000   4.993806E-18  4.919348E-18       1.015136      0.000000      0.000000      0.000000      0.000000      0.000000      0.000000  4.362389E-18
134      729.0000      257.7520      267.0000      0.000000      0.000000      0.000000      0.000000      0.000000   1.016669E-17  5.494698E-18       1.850273      0.000000      0.000000      0.000000      0.000000      0.000000      0.000000  4.839857E-18
135      729.0000      257.7520      269.0000      0.000000      0.000000      0.000000      0.000000      0.000000   8.909915E-18  5.300046E-18       1.681101      0.000000      0.000000      0.000000      0.000000      0.000000      0.000000  4.685112E-18
136      729.0000      257.7520      271.0000      0.000000      0.000000      0.000000      0.000000      0.000000   8.186495E-18  5.221562E-18       1.567825      0.000000      0.000000      0.000000      0.000000      0.000000      0.000000  4.640356E-18
137      729.0000      257.7520      273.0000      0.000000      0.000000      0.000000      0.000000      0.000000   9.551493E-18  5.349902E-18       1.785358      0.000000      0.000000      0.000000      0.000000      0.000000      0.000000  4.797176E-18
138      729.0000      257.7520      275.0000      0.000000      0.000000      0.000000      0.000000      0.000000   1.257242E-17  5.584057E-18       2.251485      0.000000      0.000000      0.000000      0.000000      0.000000      0.000000  5.046844E-18
139      729.0000      257.7520      277.0000      0.000000      0.000000      0.000000      0.000000      0.000000   1.426101E-17  6.871373E-18       2.075423      0.000000      0.000000      0.000000      0.000000      0.000000      0.000000  6.363821E-18
140      729.0000      257.7520      279.0000      0.000000      0.000000      0.000000      0.000000      0.000000   1.019251E-17  5.378958E-18       1.894886      0.000000      0.000000      0.000000      0.000000      0.000000      0.000000  4.878885E-18
141      729.0000      257.7520      281.0000      0.000000      0.000000      0.000000      0.000000      0.000000   1.142352E-17  5.444221E-18       2.098283      0.000000      0.000000      0.000000      0.000000      0.000000      0.000000  4.937322E-18
