 AP       XCENTER       YCENTER        APSIZE       PIXPEAK          WAVE       WAVEERR             Z          ZERR        SIGNAL         NOISE         RATIO      BBEWREST   BBEWRESTERR       WAVEFIT    WAVEFITERR          FWHM       FWHMERR          FLIM
--- ------------- ------------- ------------- ------------- ------------- ------------- ------------- ------------- ------------- ------------- ------------- ------------- ------------- ------------- ------------- ------------- ------------- -------------
  1      729.0000      257.7520      1.000000      192.0000      3247.197      1.156250      1.671117  0.0009511216  1.255226E-17  1.501162E-18      8.361697      7.405671      1.022973      3246.382     0.6838539      12.65447      1.943195  5.926077E-19
  2      729.0000      257.7520      3.000000      192.0000      3247.306     0.7638465      1.671207  0.0006283337  2.461915E-17  2.487355E-18      9.897725      14.52449      1.778060      3246.303     0.4488375      12.32997      1.320662  1.195720E-18
  3      729.0000      257.7520      5.000000      192.0000      3247.484     0.7354202      1.671353  0.0006049505  3.494589E-17  3.159825E-18      11.05944      20.61580      2.346428      3246.304     0.5008721      12.64572      1.124849  1.366235E-18
  4      729.0000      257.7520      7.000000      192.0000      3247.476     0.7367469      1.671347  0.0006060418  4.309726E-17  3.396734E-18      12.68785      25.42464      2.665387      3246.259     0.4069811      12.71432     0.9871387  1.578948E-18
  5      729.0000      257.7520      9.000000      192.0000      3247.333     0.6249519      1.671229  0.0005140802  5.648187E-17  3.972537E-18      14.21808      33.32218      3.286110      3246.096     0.4046282      13.22597      1.060291  1.857566E-18
  6      729.0000      257.7520      11.00000      192.0000      3247.332     0.5432204      1.671228  0.0004468485  6.514003E-17  4.391640E-18      14.83273      38.43018      3.710790      3246.067     0.3776514      13.42984     0.9441755  1.937995E-18
  7      729.0000      257.7520      13.00000      192.0000      3247.216     0.5136797      1.671132  0.0004225486  7.707994E-17  4.640110E-18      16.61166      45.47591      4.168513      3245.954     0.3788459      13.56363     0.8822075  2.076227E-18
  8      729.0000      257.7520      15.00000      192.0000      3247.261     0.5097663      1.671170  0.0004193295  8.114944E-17  5.045981E-18      16.08200      47.87618      4.451445      3245.937     0.3656866      13.21974     0.9814956  2.132249E-18
  9      729.0000      257.7520      17.00000      192.0000      3247.132     0.4152525      1.671064  0.0003415832  8.814585E-17  4.933066E-18      17.86837      52.00595      4.625462      3245.913     0.3489982      13.37730     0.8870060  2.252519E-18
 10      729.0000      257.7520      19.00000      191.0000      3246.949     0.4989188      1.670913  0.0004104064  9.777728E-17  5.725473E-18      17.07759      57.69174      5.226528      3245.783     0.3928736      13.21418     0.8214573  2.402496E-18
 11      729.0000      257.7520      21.00000      192.0000      3247.220     0.5338016      1.671136  0.0004391007  1.014745E-16  6.228656E-18      16.29156      59.86823      5.534535      3245.799     0.3789489      13.08728     0.9164737  2.401980E-18
 12      729.0000      257.7520      23.00000      192.0000      3247.166     0.4440332      1.671092  0.0003652580  1.067217E-16  6.110519E-18      17.46525      62.96504      5.651707      3245.788     0.3324607      13.20731     0.8775368  2.511480E-18
 13      729.0000      257.7520      25.00000      192.0000      3247.060     0.6527089      1.671005  0.0005369129  1.218204E-16  7.397192E-18      16.46847      71.87551      6.613179      3245.713     0.3850677      13.51007     0.9535380  2.970889E-18
 14      729.0000      257.7520      27.00000      191.0000      3246.900     0.6031795      1.670873  0.0004961704  1.239497E-16  7.272677E-18      17.04320      73.13543      6.631222      3245.757     0.3393908      13.40657     0.9210907  2.773940E-18
 15      729.0000      257.7520      29.00000      191.0000      3246.898     0.5137840      1.670871  0.0004226344  1.301564E-16  7.037387E-18      18.49499      76.79769      6.739787      3245.791     0.3303894      13.42811     0.8810800  2.891256E-18
 16      729.0000      257.7520      31.00000      191.0000      3246.886     0.4213628      1.670861  0.0003466095  1.311163E-16  7.411862E-18      17.69006      77.36433      6.908407      3245.792     0.4358882      13.21218     0.8597391  2.779768E-18
 17      729.0000      257.7520      33.00000      191.0000      3246.761     0.4431974      1.670758  0.0003645704  1.322137E-16  8.252148E-18      16.02173      78.01483      7.265903      3245.816     0.3969038      13.27233     0.9142818  2.825455E-18
 18      729.0000      257.7520      35.00000      191.0000      3246.919     0.5849472      1.670888  0.0004811727  1.381976E-16  7.818885E-18      17.67485      81.54179      7.283953      3245.758     0.3681062      13.34468     0.8458301  3.014507E-18
 19      729.0000      257.7520      37.00000      191.0000      3246.735     0.5075655      1.670737  0.0004175191  1.452172E-16  7.880775E-18      18.42677      85.68847      7.530625      3245.707     0.3115967      13.32001     0.7034273  3.276842E-18
 20      729.0000      257.7520      39.00000      191.0000      3246.723     0.4999100      1.670727  0.0004112218  1.477491E-16  8.389386E-18      17.61143      87.18278      7.799114      3245.700     0.3354214      13.15710     0.7445613  3.432010E-18
 21      729.0000      257.7520      41.00000      191.0000      3246.579     0.4204061      1.670609  0.0003458226  1.489196E-16  8.188755E-18      18.18587      87.87737      7.762163      3245.741     0.3280757      13.11302     0.7100440  3.398927E-18
 22      729.0000      257.7520      43.00000      191.0000      3246.670     0.4190523      1.670683  0.0003447089  1.549395E-16  8.315437E-18      18.63276      91.42717      8.001208      3245.735     0.3284211      13.21033     0.7183764  3.558067E-18
 23      729.0000      257.7520      45.00000      191.0000      3246.627     0.4017529      1.670648  0.0003304786  1.550388E-16  9.108064E-18      17.02214      91.48694      8.299461      3245.643     0.3309686      13.24056     0.8513113  3.463895E-18
 24      729.0000      257.7520      47.00000      191.0000      3246.521     0.5016878      1.670561  0.0004126842  1.580128E-16  8.536460E-18      18.51034      93.24493      8.180626      3245.802     0.3236031      13.50908     0.8262926  3.562580E-18
 25      729.0000      257.7520      49.00000      191.0000      3246.653     0.4485991      1.670670  0.0003690138  1.677403E-16  8.760358E-18      19.14765      98.98120      8.575434      3245.719     0.3436047      13.41484     0.7006267  3.953010E-18
 26      729.0000      257.7520      51.00000      191.0000      3246.665     0.4117309      1.670680  0.0003386864  1.619529E-16  9.315488E-18      17.38534      95.56577      8.593996      3245.761     0.3494326      13.47454     0.9011822  3.797071E-18
 27      729.0000      257.7520      53.00000      191.0000      3246.534     0.3697909      1.670572  0.0003041869  1.676758E-16  9.279954E-18      18.06860      98.94676      8.761942      3245.679     0.3313042      13.39950     0.7662460  4.182572E-18
 28      729.0000      257.7520      55.00000      191.0000      3246.493     0.3874615      1.670538  0.0003187226  1.671307E-16  8.185105E-18      20.41888      98.62634      8.355300      3245.680     0.2437313      13.32786     0.6511804  4.236402E-18
 29      729.0000      257.7520      57.00000      191.0000      3246.535     0.4581721      1.670572  0.0003768886  1.718700E-16  9.400418E-18      18.28323      101.4218      8.940075      3245.754     0.3140200      13.39354     0.7254381  4.596747E-18
 30      729.0000      257.7520      59.00000      191.0000      3246.552     0.4525875      1.670587  0.0003722947  1.646486E-16  9.030274E-18      18.23296      97.15986      8.573497      3245.744     0.3220583      13.26121     0.6123815  4.419386E-18
 31      729.0000      257.7520      61.00000      191.0000      3246.481     0.5167299      1.670528  0.0004250577  1.620269E-16  9.675779E-18      16.74562      95.61488      8.734291      3245.799     0.3080028      13.18274     0.6644325  4.325969E-18
 32      729.0000      257.7520      63.00000      191.0000      3246.538     0.3366059      1.670575  0.0002768892  1.790299E-16  8.793984E-18      20.35823      105.6468      8.958972      3245.775     0.2634422      13.16910     0.5366150  5.239856E-18
 33      729.0000      257.7520      65.00000      191.0000      3246.751     0.7623046      1.670750  0.0006270654  1.427607E-16  1.256079E-17      11.36559      84.23853      9.425606      3245.896     0.4906214      12.84187      1.098886  4.365574E-18
 34      729.0000      257.7520      67.00000      191.0000      3246.528     0.4564359      1.670567  0.0003754604  1.703868E-16  9.741374E-18      17.49105      100.5467      9.019604      3245.827     0.3409376      13.01949     0.6788743  4.925454E-18
 35      729.0000      257.7520      69.00000      191.0000      3246.684     0.5071381      1.670695  0.0004171676  1.668974E-16  9.640911E-18      17.31137      98.48287      8.871824      3245.815     0.2779047      13.06395     0.6726789  4.704931E-18
 36      729.0000      257.7520      71.00000      191.0000      3246.600     0.5966083      1.670626  0.0004907650  1.624089E-16  1.209951E-17      13.42277      95.83678      9.739930      3245.835     0.4285426      12.94563     0.8394937  4.647434E-18
 37      729.0000      257.7520      73.00000      191.0000      3246.627     0.4118428      1.670648  0.0003387785  1.655821E-16  9.411021E-18      17.59449      97.70847      8.744101      3245.878     0.2971803      12.99757     0.6148958  4.966306E-18
 38      729.0000      257.7520      75.00000      191.0000      3246.687     0.4361660      1.670697  0.0003587865  1.574539E-16  9.723588E-18      16.19299      92.91038      8.612216      3245.918     0.3139288      12.88424     0.7280814  4.919609E-18
 39      729.0000      257.7520      77.00000      191.0000      3246.621     0.5504375      1.670643  0.0004527853  1.593727E-16  9.534486E-18      16.71539      94.04452      8.597483      3245.918     0.3053880      12.87867     0.6457143  5.193393E-18
 40      729.0000      257.7520      79.00000      191.0000      3246.493     0.3879069      1.670538  0.0003190890  1.265607E-16  8.376305E-18      15.10937      74.68537      7.147503      3245.971     0.2381914      12.67683     0.6434459  6.156673E-18
 41      729.0000      257.7520      81.00000      191.0000      3246.565     0.5053908      1.670597  0.0004157302  1.606220E-16  1.084039E-17      14.81699      94.78336      9.156953      3245.883     0.3488948      12.96120     0.7680264  5.313915E-18
 42      729.0000      257.7520      83.00000      191.0000      3246.567     0.6115975      1.670599  0.0005030950  1.589029E-16  1.112984E-17      14.27720      93.76883      9.227679      3245.991     0.3921787      13.00964     0.8054234  5.433496E-18
 43      729.0000      257.7520      85.00000      191.0000      3246.676     0.6993926      1.670688  0.0005753145  1.562776E-16  1.176564E-17      13.28254      92.21658      9.425303      3245.973     0.4070068      13.13533     0.9012963  5.497293E-18
 44      729.0000      257.7520      87.00000      191.0000      3246.638     0.7444517      1.670657  0.0006123798  1.538830E-16  1.254958E-17      12.26200      90.80465      9.707732      3245.962     0.4920386      13.19612      1.042898  5.484426E-18
 45      729.0000      257.7520      89.00000      191.0000      3246.663     0.5774088      1.670678  0.0004749716  1.664538E-16  1.060232E-17      15.69975      98.22176      9.232601      3245.957     0.3799958      13.15337     0.6915521  5.696682E-18
 46      729.0000      257.7520      91.00000      191.0000      3246.801     0.3632285      1.670791  0.0002987887  1.661783E-16  1.060465E-17      15.67032      98.05500      9.224880      3245.939     0.3055147      13.03676     0.7751552  5.715504E-18
 47      729.0000      257.7520      93.00000      191.0000      3246.659     0.7315840      1.670675  0.0006017949  1.492457E-16  1.079968E-17      13.81946      88.06761      8.813216      3246.041     0.3871392      12.98213     0.9032581  5.494737E-18
 48      729.0000      257.7520      95.00000      191.0000      3246.708     0.6060755      1.670715  0.0004985526  1.497792E-16  1.192719E-17      12.55779      88.38109      9.319773      3245.946     0.4486327      12.83533      1.016043  5.561810E-18
 49      729.0000      257.7520      97.00000      191.0000      3246.784     0.4773496      1.670777  0.0003926638  1.667184E-16  1.109927E-17      15.02066      98.37422      9.441193      3245.968     0.3359457      12.92797     0.6597833  6.110896E-18
 50      729.0000      257.7520      99.00000      191.0000      3246.814     0.5518732      1.670802  0.0004539663  1.519000E-16  1.098917E-17      13.82270      89.62960      8.968431      3245.947     0.3963843      12.98591     0.7412894  5.901373E-18
 51      729.0000      257.7520      101.0000      191.0000      3246.630     0.4427315      1.670650  0.0003641872  1.615978E-16  1.119610E-17      14.43340      95.35725      9.332684      3245.843     0.3133631      12.93095     0.7418743  6.151507E-18
 52      729.0000      257.7520      103.0000      191.0000      3246.621     0.5566984      1.670644  0.0004579354  1.560560E-16  1.151819E-17      13.54865      92.08733      9.312245      3245.821     0.4076892      12.97912     0.8620803  5.911521E-18
 53      729.0000      257.7520      105.0000      191.0000      3246.511     0.6044974      1.670553  0.0004972545  1.461330E-16  1.181111E-17      12.37250      86.23478      9.171355      3245.729     0.4043605      12.65039     0.9535973  5.736544E-18
 54      729.0000      257.7520      107.0000      191.0000      3246.694     0.5398648      1.670703  0.0004440883  1.526409E-16  1.078330E-17      14.15530      90.07013      8.902440      3245.800     0.3952731      12.78792     0.8270996  5.715123E-18
 55      729.0000      257.7520      109.0000      191.0000      3246.450     0.4447928      1.670503  0.0003658829  1.485254E-16  1.010253E-17      14.70180      87.64824      8.500077      3245.811     0.3287492      12.85221     0.6387670  5.517017E-18
 56      729.0000      257.7520      111.0000      191.0000      3246.105     0.8649734      1.670219  0.0007115199  1.154374E-16  1.339703E-17      8.616640      68.12949      9.203054      3245.766     0.5764661      12.22451      1.328186  6.405791E-18
 57      729.0000      257.7520      113.0000      191.0000      3246.615     0.4230310      1.670638  0.0003479818  1.557698E-16  1.011998E-17      15.39230      91.91866      8.719796      3245.785     0.3061862      12.92626     0.7080218  5.781490E-18
 58      729.0000      257.7520      115.0000      191.0000      3246.227     0.5252623      1.670319  0.0004320764  1.181350E-16  9.634053E-18      12.26223      69.71893      7.453423      3245.802     0.2909673      12.24266     0.5818199  6.091614E-18
 59      729.0000      257.7520      117.0000      191.0000      3246.693     0.5711337      1.670702  0.0004698098  1.766254E-16  1.337315E-17      13.20746      104.2229      10.68535      3245.713     0.3596611      12.63292     0.8035895  7.256915E-18
 60      729.0000      257.7520      119.0000      191.0000      3246.067     0.9747823      1.670188  0.0008018478  1.080586E-16  1.358061E-17      7.956832      63.77538      9.147587      3245.628     0.6387267      11.87636      1.214217  6.341816E-18
 61      729.0000      257.7520      121.0000      191.0000      3246.523     0.7215977      1.670563  0.0005935802  1.372044E-16  1.176768E-17      11.65943      80.96561      8.918908      3245.687     0.4379224      12.36875     0.8283954  5.897756E-18
 62      729.0000      257.7520      123.0000      191.0000      3246.419     0.7612872      1.670477  0.0006262285  1.397641E-16  1.428407E-17      9.784611      82.47876      10.17654      3245.668     0.5433718      12.38908      1.243696  5.956005E-18
 63      729.0000      257.7520      125.0000      191.0000      3246.330     0.7188188      1.670404  0.0005912943  1.450503E-16  1.184160E-17      12.24921      85.60062      9.156943      3245.621     0.4011116      12.22669      1.034435  6.054362E-18
 64      729.0000      257.7520      127.0000      191.0000      3246.571     0.7124905      1.670602  0.0005860887  1.599812E-16  1.395359E-17      11.46523      94.40504      10.50648      3245.626     0.4408916      12.36788     0.8520866  6.602103E-18
 65      729.0000      257.7520      129.0000      191.0000      3246.611     0.5528158      1.670635  0.0004547416  1.488630E-16  1.139986E-17      13.05832      87.84307      9.062268      3245.651     0.3463167      12.33275     0.7909541  6.376252E-18
 66      729.0000      257.7520      131.0000      191.0000      3246.409     0.4174674      1.670469  0.0003434052  1.529955E-16  9.687649E-18      15.79284      90.28727      8.463845      3245.584     0.2280273      12.30291     0.4938459  6.645112E-18
 67      729.0000      257.7520      133.0000      191.0000      3246.289     0.5028223      1.670370  0.0004136174  1.447582E-16  1.021440E-17      14.17197      85.42936      8.438681      3245.560     0.2906873      12.20292     0.6883875  6.431710E-18
 68      729.0000      257.7520      135.0000      191.0000      3245.173      1.538380      1.669452   0.001265459  5.806629E-17  1.598077E-17      3.633510      34.27973      9.727370      3245.067      1.115294      9.940557      2.877819  9.222637E-18
 69      729.0000      257.7520      137.0000      191.0000      3246.180     0.6454326      1.670280  0.0005309274  1.314124E-16  1.026917E-17      12.79678      77.55590      8.091511      3245.569     0.3885627      12.26154     0.6420251  6.278850E-18
 70      729.0000      257.7520      139.0000      191.0000      3246.542     0.4458479      1.670578  0.0003667507  1.548096E-16  1.037065E-17      14.92767      91.35408      8.793780      3245.511     0.2989340      12.28762     0.6059780  7.105396E-18
 71      729.0000      257.7520      141.0000      191.0000      3246.293     0.4554591      1.670373  0.0003746568  1.412967E-16  1.016264E-17      13.90354      83.38644      8.318409      3245.594     0.2507325      12.47594     0.6586588  6.530643E-18
 72      729.0000      257.7520      143.0000      191.0000      3246.456     0.5709820      1.670508  0.0004696850  1.426925E-16  1.036925E-17      13.76112      84.20596      8.445465      3245.491     0.3615838      12.48609     0.7447207  6.589514E-18
 73      729.0000      257.7520      145.0000      191.0000      3246.548     0.5829050      1.670583  0.0004794928  1.503137E-16  1.177175E-17      12.76901      88.70085      9.265575      3245.497     0.3855386      12.50188     0.8313800  6.851468E-18
 74      729.0000      257.7520      147.0000      191.0000      3246.352     0.4499685      1.670422  0.0003701403  1.478861E-16  1.030090E-17      14.35663      87.27362      8.564455      3245.492     0.2973848      12.51864     0.6606234  6.730803E-18
 75      729.0000      257.7520      149.0000      191.0000      3246.483     0.5788603      1.670530  0.0004761656  1.411548E-16  1.133394E-17      12.45418      83.29784      8.825495      3245.555     0.3588665      12.70457     0.9311802  6.598745E-18
 76      729.0000      257.7520      151.0000      191.0000      3246.347     0.4871635      1.670418  0.0004007366  1.400145E-16  9.902874E-18      14.13878      82.62841      8.171786      3245.560     0.2871319      12.53709     0.6139558  6.605554E-18
 77      729.0000      257.7520      153.0000      191.0000      3246.365     0.4159927      1.670432  0.0003421921  1.469521E-16  1.083711E-17      13.56007      86.72205      8.765752      3245.478     0.3062475      12.14317     0.6456393  7.051491E-18
 78      729.0000      257.7520      155.0000      191.0000      3246.401     0.4490211      1.670462  0.0003693610  1.422616E-16  9.678356E-18      14.69894      83.95307      8.142502      3245.522     0.2451863      12.43813     0.5129430  7.057285E-18
 79      729.0000      257.7520      157.0000      191.0000      3246.434     0.6073900      1.670490  0.0004996340  1.457422E-16  1.076326E-17      13.54071      86.00624      8.700019      3245.464     0.3055478      12.47480     0.6821628  7.395222E-18
 80      729.0000      257.7520      159.0000      191.0000      3246.427     0.3902755      1.670484  0.0003210373  1.495597E-16  1.040228E-17      14.37759      88.25919      8.654813      3245.451     0.2660960      12.50165     0.5204758  7.643580E-18
 81      729.0000      257.7520      161.0000      191.0000      3245.218     0.5083590      1.669489  0.0004181719  8.432452E-17  8.945157E-18      9.426835      49.78072      6.303002      3245.333     0.2815557      12.53245     0.6185946  7.857599E-18
 82      729.0000      257.7520      163.0000      191.0000      3246.247     0.5728470      1.670336  0.0004712192  1.447962E-16  1.146690E-17      12.62732      85.45291      8.982737      3245.485     0.3043487      12.35735     0.6075180  7.596095E-18
 83      729.0000      257.7520      165.0000      191.0000      3246.401     0.3667904      1.670462  0.0003017187  1.584163E-16  1.028895E-17      15.39675      93.48652      8.867326      3245.386     0.2334160      12.36042     0.4516656  8.165453E-18
 84      729.0000      257.7520      167.0000      191.0000      3245.820      1.084728      1.669984  0.0008922882  1.187776E-16  1.425369E-17      8.333111      70.10697      9.709046      3245.408     0.5067735      12.40639      1.366663  7.120488E-18
 85      729.0000      257.7520      169.0000      191.0000      3246.208     0.4748960      1.670303  0.0003906454  1.402429E-16  1.051258E-17      13.34049      82.76673      8.439534      3245.313     0.2523226      12.24887     0.5665562  7.669390E-18
 86      729.0000      257.7520      171.0000      191.0000      3246.137     0.6548152      1.670245  0.0005386455  1.383926E-16  1.203810E-17      11.49622      81.67652      9.074865      3245.267     0.3600082      12.05506     0.7744969  7.978051E-18
 87      729.0000      257.7520      173.0000      191.0000      3246.253     0.8459954      1.670340  0.0006959087  1.380893E-16  1.304225E-17      10.58784      81.49460      9.538303      3245.211     0.3852589      11.95542     0.8100118  8.128375E-18
 88      729.0000      257.7520      175.0000      191.0000      3246.245     0.4542129      1.670334  0.0003736317  1.415721E-16  1.136147E-17      12.46071      83.55019      8.849564      3245.255     0.2851494      11.94377     0.6644682  8.506928E-18
 89      729.0000      257.7520      177.0000      191.0000      3246.455     0.4977697      1.670506  0.0004094612  1.414986E-16  1.227145E-17      11.53071      83.50145      9.260628      3245.259     0.3111272      12.02933     0.6715307  8.706864E-18
 90      729.0000      257.7520      179.0000      191.0000      3246.418     0.4367199      1.670476  0.0003592421  1.424259E-16  1.140122E-17      12.49216      84.04959      8.889602      3245.224     0.2516974      12.00719     0.5677838  8.778560E-18
 91      729.0000      257.7520      181.0000      191.0000      3246.388     0.3189682      1.670452  0.0002623805  1.428203E-16  1.147593E-17      12.44520      84.28310      8.933584      3245.196     0.2607411      11.95196     0.5444550  8.938569E-18
 92      729.0000      257.7520      183.0000      191.0000      3246.444     0.3282816      1.670498  0.0002700417  1.414776E-16  1.090838E-17      12.96962      83.48928      8.645618      3245.120     0.2157525      11.97120     0.4213615  8.970558E-18
 93      729.0000      257.7520      185.0000      191.0000      3246.472     0.4459958      1.670521  0.0003668724  1.401924E-16  1.147882E-17      12.21314      82.73018      8.865117      3245.134     0.3531096      12.17302     0.6514742  8.911283E-18
 94      729.0000      257.7520      187.0000      191.0000      3246.660     0.2988325      1.670676  0.0002458172  1.384852E-16  1.096696E-17      12.62750      81.71801      8.590058      3245.170     0.2314665      12.02550     0.5924447  9.041783E-18
 95      729.0000      257.7520      189.0000      191.0000      3246.487     0.3792025      1.670533  0.0003119288  1.331516E-16  1.153570E-17      11.54257      78.57490      8.708784      3245.115     0.3036583      11.76192     0.5829578  9.063208E-18
 96      729.0000      257.7520      191.0000      191.0000      3246.601     0.3988006      1.670627  0.0003280501  1.334677E-16  1.171214E-17      11.39567      78.75866      8.798076      3245.112     0.3203722      11.97564     0.7978960  8.974701E-18
 97      729.0000      257.7520      193.0000      191.0000      3246.681     0.3892297      1.670692  0.0003201771  1.351443E-16  1.179154E-17      11.46112      79.74606      8.877019      3245.132     0.2756277      11.86938     0.6151984  8.923603E-18
 98      729.0000      257.7520      195.0000      191.0000      3246.686     0.4374178      1.670697  0.0003598162  1.334550E-16  1.208378E-17      11.04414      78.74913      8.970827      3245.136     0.3908043      12.00325     0.7298543  8.915771E-18
 99      729.0000      257.7520      197.0000      191.0000      3246.727     0.3822546      1.670731  0.0003144395  1.344696E-16  1.216285E-17      11.05577      79.34681      9.032910      3245.152     0.3286435      12.09196     0.8094470  9.011732E-18
100      729.0000      257.7520      199.0000      191.0000      3246.598     0.4654010      1.670624  0.0003828349  1.282004E-16  1.258235E-17      10.18890      75.65052      9.081556      3245.136     0.3785079      12.01809     0.7778623  9.220222E-18
101      729.0000      257.7520      201.0000      191.0000      3246.626     0.4835606      1.670648  0.0003977729  1.270249E-16  1.265349E-17      10.03872      74.95623      9.088407      3245.115     0.3114380      12.06175     0.8771724  9.273948E-18
102      729.0000      257.7520      203.0000      191.0000      3246.589     0.4862681      1.670617  0.0004000001  1.239800E-16  1.307109E-17      9.485052      73.16029      9.223342      3245.077     0.4034559      12.05846     0.9090911  9.749252E-18
103      729.0000      257.7520      205.0000      191.0000      3246.466     0.6664026      1.670515  0.0005481772  1.171086E-16  1.348631E-17      8.683514      69.10812      9.282238      3245.115     0.4289493      12.10897     0.9439068  1.033360E-17
104      729.0000      257.7520      207.0000      191.0000      3246.749     0.5515195      1.670748  0.0004536753  1.230704E-16  1.339493E-17      9.187835      72.61994      9.363326      3245.130     0.3892791      12.04771     0.8431166  9.662863E-18
105      729.0000      257.7520      209.0000      191.0000      3246.692     0.5098419      1.670702  0.0004193916  1.206931E-16  1.398174E-17      8.632197      71.21846      9.607524      3245.115     0.4582281      12.05344      1.018701  1.008706E-17
106      729.0000      257.7520      211.0000      191.0000      3246.748     0.3326995      1.670748  0.0002736758  1.228037E-16  1.304806E-17      9.411642      72.46261      9.185276      3245.159     0.3558578      11.81969     0.8171743  1.003762E-17
107      729.0000      257.7520      213.0000      191.0000      3246.642     0.5637459      1.670660  0.0004637326  1.195292E-16  1.411038E-17      8.471010      70.53272      9.648858      3245.221     0.4989437      12.36247     0.9949691  1.046197E-17
108      729.0000      257.7520      215.0000      191.0000      3246.744     0.4759302      1.670744  0.0003914962  1.180717E-16  1.415355E-17      8.342193      69.67049      9.640712      3245.336     0.4525573      12.24287     0.8843496  1.059855E-17
109      729.0000      257.7520      217.0000      191.0000      3246.760     0.5454594      1.670758  0.0004486903  1.160705E-16  1.431548E-17      8.108044      68.48933      9.683382      3245.214     0.3988613      11.86606     0.9133722  1.050193E-17
110      729.0000      257.7520      219.0000      191.0000      3246.935     0.5325769      1.670902  0.0004380933  1.106792E-16  1.416136E-17      7.815580      65.30457      9.497165      3245.188     0.4243456      11.87553      1.034160  1.041373E-17
111      729.0000      257.7520      221.0000      191.0000      3246.949     0.4989188      1.670913  0.0004104064  1.071648E-16  1.371953E-17      7.811114      63.23068      9.199631      3245.153     0.4306761      11.79090     0.9643453  1.032974E-17
112      729.0000      257.7520      223.0000      191.0000      3246.938     0.4063154      1.670904  0.0003342317  1.053522E-16  1.408763E-17      7.478350      62.16142      9.357164      3245.212     0.5189471      11.57868      1.098135  1.021351E-17
113      729.0000      257.7520      225.0000      191.0000      3246.838     0.4820624      1.670822  0.0003965405  1.031859E-16  1.459405E-17      7.070411      60.88510      9.584745      3245.141     0.5954230      11.37899      1.403753  1.043599E-17
114      729.0000      257.7520      227.0000      191.0000      3246.933     0.5320994      1.670900  0.0004377005  1.007716E-16  1.471863E-17      6.846533      59.45876      9.608024      3245.093     0.5147599      11.44288      1.121806  1.067104E-17
115      729.0000      257.7520      229.0000      192.0000      3247.006     0.5370890      1.670960  0.0004418050  1.031818E-16  1.486780E-17      6.939950      60.87951      9.729550      3245.169     0.6476719      11.41397      1.584234  1.078352E-17
116      729.0000      257.7520      231.0000      192.0000      3247.136     0.4709438      1.671067  0.0003873945  1.021699E-16  1.500720E-17      6.808060      60.28005      9.785731      3245.148     0.5791079      11.38093      1.082038  1.086688E-17
117      729.0000      257.7520      233.0000      191.0000      3246.858     0.5745701      1.670839  0.0004726365  1.008049E-16  1.515107E-17      6.653320      59.47979      9.840052      3245.041     0.5946473      11.31702      1.624947  1.143827E-17
118      729.0000      257.7520      235.0000      191.0000      3246.954     0.5301345      1.670918  0.0004360842  9.575234E-17  1.563957E-17      6.122439      56.49686      10.02024      3244.933     0.6490522      10.92070      1.576872  1.150286E-17
119      729.0000      257.7520      237.0000      191.0000      3246.896     0.4774734      1.670869  0.0003927656  9.705502E-17  1.565544E-17      6.199444      57.26652      10.04986      3245.043     0.5869816      10.94121      1.498454  1.163033E-17
120      729.0000      257.7520      239.0000      192.0000      3246.998     0.5128267      1.670954  0.0004218469  9.736020E-17  1.612474E-17      6.037938      57.44478      10.30942      3244.996     0.6509957      11.11941      1.534974  1.207946E-17
121      729.0000      257.7520      241.0000      192.0000      3246.983     0.6391699      1.670941  0.0005257758  9.913677E-17  1.734020E-17      5.717162      58.49326      11.00119      3244.823     0.7096528      10.71615      1.977454  1.225796E-17
122      729.0000      257.7520      243.0000      191.0000      3246.911     0.4870544      1.670882  0.0004006469  9.556055E-17  1.632294E-17      5.854371      56.38446      10.38996      3244.987     0.6601417      11.18062      1.695563  1.222759E-17
123      729.0000      257.7520      245.0000      191.0000      3246.865     0.6587803      1.670844  0.0005419072  9.639914E-17  1.661849E-17      5.800715      56.88007      10.56464      3244.858     0.6601305      11.44747      2.215605  1.310150E-17
124      729.0000      257.7520      247.0000      192.0000      3247.173     0.3684607      1.671098  0.0003030927  8.336127E-17  1.743362E-17      4.781639      49.18243      10.83300      3244.892     0.6887948      10.12251      1.780324  1.305052E-17
125      729.0000      257.7520      249.0000      192.0000      3247.017     0.5331908      1.670969  0.0004385983  8.751800E-17  1.685926E-17      5.191092      51.63735      10.56835      3244.716     0.6875321      10.20636      2.145293  1.268575E-17
126      729.0000      257.7520      251.0000      191.0000      3246.879     0.4896167      1.670856  0.0004027546  9.042856E-17  1.691984E-17      5.344528      53.35690      10.64301      3244.806     0.7015314      10.70097      2.098988  1.283729E-17
127      729.0000      257.7520      253.0000      191.0000      3246.781     0.3898823      1.670774  0.0003207139  8.470090E-17  1.704138E-17      4.970307      49.97885      10.63244      3244.713     0.7302455      10.19423      2.121400  1.285449E-17
128      729.0000      257.7520      255.0000      191.0000      3246.886     0.5488173      1.670861  0.0004514525  8.235952E-17  1.722172E-17      4.782304      48.59571      10.70243      3244.624     0.7947403      9.667074      2.557369  1.296170E-17
129      729.0000      257.7520      257.0000      191.0000      3246.947     0.4248404      1.670911  0.0003494702  8.168411E-17  1.758175E-17      4.645960      48.19628      10.89567      3244.623     0.6956913      9.512371      2.513914  1.319458E-17
130      729.0000      257.7520      259.0000      192.0000      3247.044     0.5475640      1.670991  0.0004504216  7.697067E-17  1.870157E-17      4.115733      45.41385      11.47209      3244.577     0.7603443      8.774678      2.835761  1.422306E-17
131      729.0000      257.7520      261.0000      192.0000      3247.076     0.4174453      1.671017  0.0003433870  7.910658E-17  1.788585E-17      4.422857      46.67360      11.03501      3244.647     0.8059921      9.096128      3.098533  1.360841E-17
132      729.0000      257.7520      263.0000      192.0000      3247.153     0.5059910      1.671081  0.0004162240  7.824253E-17  1.809673E-17      4.323573      46.16270      11.14364      3244.455     0.7754106      8.538999      3.274784  1.386685E-17
133      729.0000      257.7520      265.0000      192.0000      3247.060     0.5169950      1.671005  0.0004252758  7.966833E-17  1.785570E-17      4.461786      47.00526      11.02478      3244.280     0.6436118      8.418093      3.283600  1.380853E-17
134      729.0000      257.7520      267.0000      192.0000      3247.104     0.4774734      1.671041  0.0003927656  7.510879E-17  1.843011E-17      4.075330      44.31448      11.29709      3244.339     0.7378015      8.427386      2.774913  1.419863E-17
135      729.0000      257.7520      269.0000      192.0000      3247.051     0.4989188      1.670997  0.0004104064  7.092298E-17  1.837538E-17      3.859673      41.84552      11.22098      3244.452     0.6653134      8.085457      3.095556  1.434181E-17
136      729.0000      257.7520      271.0000      191.0000      3246.936     0.5390625      1.670902  0.0004434283  7.290543E-17  1.833891E-17      3.975451      43.01672      11.22174      3244.361     0.7850885      8.432555      3.073364  1.445187E-17
137      729.0000      257.7520      273.0000      192.0000      3247.106     0.3738055      1.671042  0.0003074892  7.111974E-17  1.853864E-17      3.836298      41.96090      11.31593      3244.482     0.7719094      8.806918      3.062639  1.481096E-17
138      729.0000      257.7520      275.0000      192.0000      3247.117     0.5152300      1.671051  0.0004238239  6.942619E-17  1.875893E-17      3.700968      40.96157      11.42426      3244.488     0.7885599      8.764214      3.024181  1.506689E-17
139      729.0000      257.7520      277.0000      192.0000      3247.198     0.3566606      1.671118  0.0002933860  6.183425E-17  1.981121E-17      3.121174      36.48140      11.95731      3244.481     0.6806725      8.375354      2.967513  1.617506E-17
140      729.0000      257.7520      279.0000      192.0000      3247.173     0.3752980      1.671097  0.0003087170  6.813598E-17  1.847746E-17      3.687519      40.19965      11.25014      3244.530     0.8764266      9.164911      3.121307  1.491728E-17
141      729.0000      257.7520      281.0000      192.0000      3247.120     0.4699031      1.671054  0.0003865384  6.883740E-17  1.857289E-17      3.706338      40.61414      11.31196      3244.548     0.8118429      9.211950      3.021554  1.500200E-17
