 AP       XCENTER       YCENTER        APSIZE       PIXPEAK          WAVE       WAVEERR             Z          ZERR         SIGNAL         NOISE          RATIO      BBEWREST   BBEWRESTERR       WAVEFIT    WAVEFITERR          FWHM       FWHMERR          FLIM
--- ------------- ------------- ------------- ------------- ------------- ------------- ------------- ------------- -------------- ------------- -------------- ------------- ------------- ------------- ------------- ------------- ------------- -------------
  1      729.0000      257.7520      1.000000      1049.000      5092.542      2.058396      1.669453   0.001078988   8.404293E-19  2.277371E-19       3.690348     0.4961516     0.1387514      5091.500      3.139169      16.59199      8.632886  1.080360E-19
  2      729.0000      257.7520      3.000000      1049.000      5092.822      2.118126      1.669600   0.001110298   1.478239E-18  3.508677E-19       4.213096     0.8726377     0.2157303      5091.903      1.606833      14.81704      5.416536  1.491085E-19
  3      729.0000      257.7520      5.000000      1049.000      5092.953      1.549103      1.669668  0.0008120225   2.013250E-18  4.222177E-19       4.768275      1.188436     0.2624284      5092.016      1.743254      14.20632      4.156747  1.565990E-19
  4      729.0000      257.7520      7.000000      1049.000      5093.128      1.149861      1.669760  0.0006027441   2.856701E-18  4.491895E-19       6.359678      1.686273     0.2896420      5092.153      1.234637      15.01402      2.931411  1.739431E-19
  5      729.0000      257.7520      9.000000      1049.000      5093.214      1.076716      1.669805  0.0005644026   3.542667E-18  5.200917E-19       6.811621      2.091155     0.3393283      5092.202      1.079135      14.92589      4.570823  2.007928E-19
  6      729.0000      257.7520      11.00000      1049.000      5092.854      1.158575      1.669617  0.0006073118   3.959319E-18  5.854302E-19       6.763094      2.337260     0.3814922      5091.901     0.9261839      13.74415      2.459170  2.152308E-19
  7      729.0000      257.7520      13.00000      1049.000      5093.101      1.125592      1.669746  0.0005900227   4.561341E-18  6.155474E-19       7.410219      2.692514     0.4082478      5091.757     0.8844491      12.80124      2.454067  2.208112E-19
  8      729.0000      257.7520      15.00000      1049.000      5093.084      1.240638      1.669737  0.0006503285   5.186275E-18  6.676148E-19       7.768364      3.061416     0.4473142      5091.882     0.9352950      13.04565      2.568321  2.386369E-19
  9      729.0000      257.7520      17.00000      1049.000      5093.278     0.7990358      1.669839  0.0004188456   5.644744E-18  6.597373E-19       8.556049      3.331921     0.4524367      5091.794     0.8308496      13.50993      2.193922  2.582178E-19
 10      729.0000      257.7520      19.00000      1049.000      5093.250      1.007018      1.669824  0.0005278677   6.011639E-18  7.644526E-19       7.863979      3.548507     0.5135983      5091.842     0.7634748      13.79961      2.542096  2.945940E-19
 11      729.0000      257.7520      21.00000      1049.000      5092.943     0.9868484      1.669663  0.0005172947   6.316277E-18  8.468117E-19       7.458893      3.728551     0.5624148      5091.624     0.9089103      13.30588      2.478324  3.197958E-19
 12      729.0000      257.7520      23.00000      1049.000      5093.143     0.8734806      1.669768  0.0004578686   6.707746E-18  8.410754E-19       7.975202      3.959484     0.5669223      5091.676     0.8904686      13.89434      3.201718  3.511974E-19
 13      729.0000      257.7520      25.00000      1049.000      5092.985     0.9981169      1.669685  0.0005232016   6.998874E-18  1.020217E-18       6.860181      4.131460     0.6665233      5091.725     0.9869056      14.02778      2.875305  4.084426E-19
 14      729.0000      257.7520      27.00000      1049.000      5092.910     0.8753188      1.669646  0.0004588322   7.217769E-18  9.984735E-19       7.228804      4.260737     0.6589027      5091.538     0.8958386      13.69180      2.897292  3.830694E-19
 15      729.0000      257.7520      29.00000      1049.000      5092.740     0.8656975      1.669557  0.0004537888   7.451254E-18  9.536514E-19       7.813394      4.398713     0.6398381      5091.561     0.8326677      13.28945      2.375923  3.863341E-19
 16      729.0000      257.7520      31.00000      1049.000      5092.797     0.7939520      1.669587  0.0004161807   7.636453E-18  1.012177E-18       7.544587      4.507991     0.6738915      5091.530     0.8753312      13.84988      3.201611  3.875012E-19
 17      729.0000      257.7520      33.00000      1049.000      5092.973     0.9704829      1.669679  0.0005087162   7.804613E-18  1.116389E-18       6.990947      4.607102     0.7319277      5091.417     0.8461829      13.95501      3.041712  3.999508E-19
 18      729.0000      257.7520      35.00000      1049.000      5092.968     0.9203037      1.669676  0.0004824128   7.788944E-18  1.046166E-18       7.445230      4.597857     0.6945465      5091.357     0.9059197      13.40303      2.657259  4.060055E-19
 19      729.0000      257.7520      37.00000      1049.000      5092.826     0.8463205      1.669602  0.0004436316   8.311022E-18  1.033127E-18       8.044532      4.906179     0.6978327      5091.406     0.8359531      14.07472      2.745406  4.074546E-19
 20      729.0000      257.7520      39.00000      1049.000      5092.779     0.9470683      1.669577  0.0004964425   8.179948E-18  1.095581E-18       7.466312      4.828847     0.7278118      5091.241      1.041536      14.54690      3.336045  4.292366E-19
 21      729.0000      257.7520      41.00000      1049.000      5092.810     0.9053627      1.669593  0.0004745809   8.095263E-18  1.070224E-18       7.564081      4.778827     0.7129311      5091.234     0.9287998      13.52685      2.375827  4.366846E-19
 22      729.0000      257.7520      43.00000      1049.000      5092.855     0.8215896      1.669617  0.0004306680   8.237683E-18  1.085510E-18       7.588767      4.862858     0.7236147      5091.204     0.8018269      13.50064      2.709921  4.502921E-19
 23      729.0000      257.7520      45.00000      1049.000      5092.835     0.9818894      1.669607  0.0005146953   8.177066E-18  1.176632E-18       6.949551      4.827093     0.7705828      5091.227      1.021122      13.39339      2.960787  4.643830E-19
 24      729.0000      257.7520      47.00000      1049.000      5093.024     0.7945558      1.669706  0.0004164972   8.278501E-18  1.108422E-18       7.468727      4.886791     0.7363570      5091.381     0.9419433      13.80442      2.901388  4.895423E-19
 25      729.0000      257.7520      49.00000      1049.000      5092.786     0.7041253      1.669581  0.0003690945   8.711174E-18  1.136020E-18       7.668152      5.142438     0.7590121      5091.283     0.7919796      13.83407      2.570373  5.264682E-19
 26      729.0000      257.7520      51.00000      1049.000      5092.841     0.6817458      1.669610  0.0003573635   8.596156E-18  1.196163E-18       7.186442      5.074485     0.7884486      5091.291     0.8699670      13.37440      2.812706  5.042243E-19
 27      729.0000      257.7520      53.00000      1049.000      5092.838     0.8943533      1.669608  0.0004688099   8.839896E-18  1.183105E-18       7.471774      5.218372     0.7860676      5091.241     0.8786871      14.07434      2.533938  5.232884E-19
 28      729.0000      257.7520      55.00000      1049.000      5092.783     0.7870929      1.669580  0.0004125852   8.781780E-18  1.031081E-18       8.517063      5.184121     0.7063329      5091.147     0.7188848      13.68114      2.100853  5.152029E-19
 29      729.0000      257.7520      57.00000      1049.000      5092.543     0.8538180      1.669453  0.0004475617   8.795421E-18  1.166947E-18       7.537120      5.192419     0.7768099      5091.169     0.7526264      12.50070      2.626803  5.281439E-19
 30      729.0000      257.7520      59.00000      1049.000      5092.540     0.8411701      1.669452  0.0004409318   8.411369E-18  1.112427E-18       7.561280      4.965695     0.7410247      5091.153     0.7348191      12.22446      2.083990  5.087934E-19
 31      729.0000      257.7520      61.00000      1049.000      5092.498     0.8770236      1.669430  0.0004597259   8.399485E-18  1.190261E-18       7.056840      4.958720     0.7818311      5091.220     0.8595548      12.74121      3.331643  5.113376E-19
 32      729.0000      257.7520      63.00000      1049.000      5092.755     0.6939816      1.669565  0.0003637773   8.894646E-18  1.061579E-18       8.378698      5.250778     0.7242065      5091.120     0.5827139      12.42231      1.867821  5.904763E-19
 33      729.0000      257.7520      65.00000      1049.000      5092.859      1.225255      1.669619  0.0006422647   8.095250E-18  1.533181E-18       5.280036      4.778773     0.9634654      5091.401      1.138454      12.27609      4.094164  5.175833E-19
 34      729.0000      257.7520      67.00000      1049.000      5092.763     0.8912317      1.669569  0.0004671736   8.848253E-18  1.185168E-18       7.465825      5.223383     0.7873174      5091.161     0.6722791      12.22022      2.365347  5.604505E-19
 35      729.0000      257.7520      69.00000      1049.000      5092.802      1.036622      1.669589  0.0005433854   8.595921E-18  1.177412E-18       7.300690      5.074385     0.7785527      5091.229     0.6732630      11.74131      2.220521  5.455008E-19
 36      729.0000      257.7520      71.00000      1049.000      5092.674      1.277467      1.669522  0.0006696340   8.807586E-18  1.486140E-18       5.926486      5.199467     0.9480957      5091.320      1.108227      11.78095      3.362535  5.353833E-19
 37      729.0000      257.7520      73.00000      1049.000      5092.810     0.9272137      1.669594  0.0004860349   8.749967E-18  1.144363E-18       7.646145      5.165314     0.7641020      5091.277     0.6492190      11.68232      2.465171  5.665820E-19
 38      729.0000      257.7520      75.00000      1049.000      5092.503     0.9600019      1.669432  0.0005032222   8.519302E-18  1.174293E-18       7.254833      5.029450     0.7755483      5091.094     0.7454165      12.21621      2.681364  5.623053E-19
 39      729.0000      257.7520      77.00000      1049.000      5092.562     0.8619006      1.669463  0.0004517986   8.658462E-18  1.139992E-18       7.595195      5.111545     0.7601158      5091.368     0.6254547      12.34377      2.398794  5.860674E-19
 40      729.0000      257.7520      79.00000      1049.000      5092.205     0.8795150      1.669276  0.0004610318   7.805093E-18  9.401972E-19       8.301549      4.608080     0.6399912      5091.424     0.5187316      12.04787      1.464707  6.550033E-19
 41      729.0000      257.7520      81.00000      1049.000      5092.375      1.067567      1.669366  0.0005596066   8.507544E-18  1.281057E-18       6.641033      5.022634     0.8321896      5091.086     0.7336654      12.23621      2.951470  5.935474E-19
 42      729.0000      257.7520      83.00000      1049.000      5092.322     0.9655077      1.669338  0.0005061082   8.386381E-18  1.311505E-18       6.394472      4.951155     0.8465568      5091.250     0.9416183      12.37212      3.395872  6.181963E-19
 43      729.0000      257.7520      85.00000      1049.000      5092.130      1.043693      1.669237  0.0005470919   8.074328E-18  1.370626E-18       5.890980      4.767105     0.8737449      5091.059      1.015550      12.36550      2.877124  6.224651E-19
 44      729.0000      257.7520      87.00000      1048.000      5091.810      1.458846      1.669069  0.0007647108   7.803965E-18  1.452391E-18       5.373184      4.607772     0.9147924      5090.857     0.9511396      11.86486      3.021603  6.412286E-19
 45      729.0000      257.7520      89.00000      1048.000      5091.785      1.217512      1.669056  0.0006382062   7.824592E-18  1.241209E-18       6.304007      4.619973     0.7994248      5090.841     0.7421514      11.20335      1.875209  6.545162E-19
 46      729.0000      257.7520      91.00000      1049.000      5091.842     0.9531373      1.669086  0.0004996238   7.729570E-18  1.248847E-18       6.189364      4.563816     0.8020185      5091.040     0.9438173      11.30851      2.208916  6.722761E-19
 47      729.0000      257.7520      93.00000      1049.000      5091.934      1.436735      1.669134  0.0007531201   6.911501E-18  1.249035E-18       5.533472      4.080725     0.7895710      5091.237     0.9044552      10.85985      2.080760  6.564874E-19
 48      729.0000      257.7520      95.00000      1048.000      5091.715      1.577512      1.669019  0.0008269141   6.894770E-18  1.362786E-18       5.059319      4.071022     0.8524488      5091.218     0.9631448      11.28025      2.775357  6.521635E-19
 49      729.0000      257.7520      97.00000      1048.000      5091.653     0.8778604      1.668987  0.0004601645   7.797551E-18  1.291288E-18       6.038584      4.604126     0.8262114      5090.963     0.8758405      11.47665      2.345698  6.911501E-19
 50      729.0000      257.7520      99.00000      1048.000      5091.580      1.467577      1.668948  0.0007692873   7.216367E-18  1.267023E-18       5.695530      4.261023     0.8040300      5091.055     0.8021755      11.00249      2.307233  6.634961E-19
 51      729.0000      257.7520      101.0000      1048.000      5091.567      1.128630      1.668942  0.0005916153   7.725775E-18  1.307599E-18       5.908365      4.561822     0.8340095      5090.795     0.7855000      11.67729      2.431786  6.996380E-19
 52      729.0000      257.7520      103.0000      1048.000      5091.626      1.424721      1.668973  0.0007468225   7.311594E-18  1.360185E-18       5.375439      4.317211     0.8567907      5090.747     0.9332317      11.57139      2.844152  6.995750E-19
 53      729.0000      257.7520      105.0000      1048.000      5091.744      1.092150      1.669034  0.0005724925   6.737505E-18  1.407262E-18       4.787670      3.978143     0.8752372      5090.792      1.011694      11.25247      2.673749  6.917582E-19
 54      729.0000      257.7520      107.0000      1048.000      5091.648      1.051766      1.668984  0.0005513239   7.159569E-18  1.323208E-18       5.410765      4.227429     0.8341615      5090.802     0.8749428      11.62970      2.332618  7.247824E-19
 55      729.0000      257.7520      109.0000      1048.000      5091.542      1.243529      1.668929  0.0006518440   7.181803E-18  1.254004E-18       5.727097      4.240645     0.7963677      5090.855     0.8936130      11.96918      2.502680  7.121193E-19
 56      729.0000      257.7520      111.0000      1048.000      5091.801      1.560617      1.669065  0.0008180576   5.316906E-18  1.599563E-18       3.323974      3.139318     0.9690580      5091.250      1.686212      9.972425      3.894980  7.222151E-19
 57      729.0000      257.7520      113.0000      1048.000      5091.804      1.059216      1.669066  0.0005552293   7.155006E-18  1.275818E-18       5.608170      4.224605     0.8079203      5090.534     0.9355035      12.48263      2.551637  7.668626E-19
 58      729.0000      257.7520      115.0000      1048.000      5091.719      1.464397      1.669022  0.0007676203   5.330863E-18  1.153561E-18       4.621225      3.147609     0.7150293      5091.043     0.8116072      10.21309      1.670159  7.059605E-19
 59      729.0000      257.7520      117.0000      1049.000      5092.048      1.220319      1.669194  0.0006396775   9.008077E-18  1.657418E-18       5.435007      5.318478      1.045343      5090.077      1.006495      14.44969      2.987307  9.789578E-19
 60      729.0000      257.7520      119.0000      1048.000      5091.764      1.743031      1.669045  0.0009136772   5.285454E-18  1.630675E-18       3.241268      3.120771     0.9866956      5090.853      1.569754      9.859204      3.630953  7.343268E-19
 61      729.0000      257.7520      121.0000      1049.000      5092.202      1.184511      1.669275  0.0006209072   6.828155E-18  1.444513E-18       4.726961      4.031304     0.8972063      5090.672     0.9444023      11.99805      3.609484  8.161043E-19
 62      729.0000      257.7520      123.0000      1049.000      5092.399      1.058593      1.669378  0.0005549023   7.034886E-18  1.729530E-18       4.067513      4.153196      1.060659      5090.655      1.121178      11.67782      3.431288  8.634574E-19
 63      729.0000      257.7520      125.0000      1049.000      5092.603     0.7213323      1.669485  0.0003781142   7.428601E-18  1.469070E-18       5.056669      4.385459     0.9187189      5090.565     0.8811388      12.07115      2.429333  9.079371E-19
 64      729.0000      257.7520      127.0000      1049.000      5092.587     0.7557464      1.669477  0.0003961537   8.177156E-18  1.710684E-18       4.780052      4.827381      1.063605      5090.205      1.176159      12.81848      3.552161  1.035334E-18
 65      729.0000      257.7520      129.0000      1049.000      5092.668     0.7757826      1.669519  0.0004066565   7.527304E-18  1.469602E-18       5.122001      4.443670     0.9203400      5090.394     0.7895002      11.65143      2.198291  1.005923E-18
 66      729.0000      257.7520      131.0000      1049.000      5092.774     0.5302694      1.669574  0.0002779612   7.768835E-18  1.319614E-18       5.887203      4.586161     0.8410429      5090.356     0.4482642      11.56812      1.419519  1.045776E-18
 67      729.0000      257.7520      133.0000      1049.000      5093.009     0.5999169      1.669698  0.0003144697   7.502889E-18  1.383820E-18       5.421869      4.428960     0.8723580      5090.592     0.7176050      11.82088      1.858617  1.027761E-18
 68      729.0000      257.7520      135.0000      1049.000      5093.796      2.455023      1.670110   0.001286895   3.167543E-18  2.075581E-18       1.526100      0.000000      0.000000      0.000000      0.000000      0.000000      0.000000  1.100017E-18
 69      729.0000      257.7520      137.0000      1049.000      5093.037     0.7172695      1.669713  0.0003759846   6.739940E-18  1.393285E-18       4.837446      3.978569     0.8672174      5090.630     0.6348038      10.54799      1.773568  9.821678E-19
 70      729.0000      257.7520      139.0000      1049.000      5092.854     0.5359183      1.669616  0.0002809223   8.190647E-18  1.455234E-18       5.628407      4.835093     0.9217814      5090.229     0.6222684      11.50833      1.443052  1.151495E-18
 71      729.0000      257.7520      141.0000      1049.000      5092.762     0.6438082      1.669568  0.0003374770   7.430551E-18  1.440674E-18       5.157689      4.386473     0.9029098      5090.550     0.5949422      10.78395      1.984094  1.087984E-18
 72      729.0000      257.7520      143.0000      1049.000      5092.989     0.6887396      1.669687  0.0003610295   7.470503E-18  1.472202E-18       5.074374      4.409861     0.9209591      5090.490     0.6691611      10.32479      1.651635  1.104142E-18
 73      729.0000      257.7520      145.0000      1049.000      5092.839     0.9654950      1.669609  0.0005061016   7.858961E-18  1.640587E-18       4.790335      4.639305      1.020189      5090.379     0.7515734      10.87565      1.807930  1.164759E-18
 74      729.0000      257.7520      147.0000      1049.000      5092.907     0.6811075      1.669644  0.0003570288   7.606197E-18  1.499998E-18       5.070803      4.490034     0.9382904      5090.422     0.6342388      10.80751      1.621874  1.164496E-18
 75      729.0000      257.7520      149.0000      1049.000      5093.042     0.7767752      1.669715  0.0004071768   6.708438E-18  1.619587E-18       4.142067      3.959970     0.9944544      5090.598     0.7776389      9.941436      2.090440  1.160417E-18
 76      729.0000      257.7520      151.0000      1049.000      5092.982     0.6738220      1.669683  0.0003532099   6.689645E-18  1.494819E-18       4.475220      3.948923     0.9236560      5090.560     0.6037187      9.779758      1.388735  1.186415E-18
 77      729.0000      257.7520      153.0000      1049.000      5092.758     0.6362387      1.669566  0.0003335091   7.272885E-18  1.609200E-18       4.519566      4.293401     0.9952406      5090.537     0.6677164      10.13767      1.676184  1.263238E-18
 78      729.0000      257.7520      155.0000      1049.000      5092.802     0.6206508      1.669589  0.0003253381   6.833135E-18  1.474858E-18       4.633081      4.033769     0.9142068      5090.657     0.4967539      9.976039      1.228589  1.237310E-18
 79      729.0000      257.7520      157.0000      1049.000      5092.928     0.6133718      1.669655  0.0003215226   7.059717E-18  1.572428E-18       4.489691      4.167423     0.9718962      5090.597     0.5896747      10.21078      1.529976  1.260312E-18
 80      729.0000      257.7520      159.0000      1049.000      5092.816     0.5290070      1.669596  0.0002772995   7.217337E-18  1.526545E-18       4.727891      4.260561     0.9480611      5090.384     0.6230260      10.74452      1.504269  1.269750E-18
 81      729.0000      257.7520      161.0000      1049.000      5092.390      1.011160      1.669373  0.0005300388   3.978756E-18  1.199729E-18       3.316379      2.348948     0.7266608      5090.452     0.4247884      7.454011     0.7255953  1.069011E-18
 82      729.0000      257.7520      163.0000      1049.000      5092.655     0.8028792      1.669512  0.0004208602   7.215830E-18  1.660347E-18       4.345977      4.259806      1.023449      5090.329     0.7084311      10.55891      2.135017  1.302085E-18
 83      729.0000      257.7520      165.0000      1049.000      5092.677     0.4590508      1.669524  0.0002406292   7.346812E-18  1.582390E-18       4.642857      4.337111     0.9810789      5090.250     0.5271056      10.80098      1.192888  1.396742E-18
 84      729.0000      257.7520      167.0000      1049.000      5092.738      1.134025      1.669556  0.0005944428   6.106703E-18  1.878183E-18       3.251388      3.604983      1.136411      5090.679      1.116034      9.212992      3.107389  1.158606E-18
 85      729.0000      257.7520      169.0000      1049.000      5092.613     0.7101926      1.669490  0.0003722749   6.902130E-18  1.569653E-18       4.397232      4.074649     0.9685020      5090.438     0.5247697      10.05842      1.344272  1.318740E-18
 86      729.0000      257.7520      171.0000      1049.000      5092.693     0.8580651      1.669532  0.0004497880   6.981369E-18  1.695231E-18       4.118241      4.121363      1.040520      5090.425     0.8950535      10.45628      2.637983  1.328207E-18
 87      729.0000      257.7520      173.0000      1049.000      5092.674     0.8744731      1.669522  0.0004583889   6.961031E-18  1.806239E-18       3.853881      4.109372      1.103484      5090.448     0.9806537      10.67278      2.459060  1.361716E-18
 88      729.0000      257.7520      175.0000      1049.000      5092.866     0.5218691      1.669623  0.0002735579   6.872941E-18  1.648303E-18       4.169708      4.057216      1.012635      5090.336     0.6507219      10.33818      1.502484  1.399913E-18
 89      729.0000      257.7520      177.0000      1049.000      5092.876     0.7471307      1.669628  0.0003916375   6.814543E-18  1.717746E-18       3.967143      4.022735      1.051451      5090.246     0.7077566      10.41544      1.779454  1.428969E-18
 90      729.0000      257.7520      179.0000      1049.000      5092.990     0.5065528      1.669688  0.0002655293   7.079850E-18  1.661168E-18       4.261972      4.179256      1.022263      5090.315     0.4930730      10.17674      1.076234  1.467996E-18
 91      729.0000      257.7520      181.0000      1049.000      5093.036     0.4395403      1.669712  0.0002304020   7.060439E-18  1.719424E-18       4.106280      4.167760      1.055069      5090.299     0.4988165      10.70369      1.049993  1.545412E-18
 92      729.0000      257.7520      183.0000      1049.000      5093.210     0.3770211      1.669803  0.0001976302   7.029366E-18  1.684712E-18       4.172445      4.149276      1.034985      5090.304     0.4819965      10.47544      1.076281  1.558072E-18
 93      729.0000      257.7520      185.0000      1049.000      5093.153     0.4990933      1.669773  0.0002616191   6.494911E-18  1.714398E-18       3.788450      3.833842      1.046108      5090.264     0.5810120      10.26013      1.044749  1.546402E-18
 94      729.0000      257.7520      187.0000      1049.000      5093.342     0.3127230      1.669872  0.0001639259   6.000709E-18  1.663305E-18       3.607702      3.541992      1.011856      5090.392     0.5620618      9.717301      1.053228  1.539186E-18
 95      729.0000      257.7520      189.0000      1049.000      5093.518     0.3357193      1.669965  0.0001759803   6.316208E-18  1.703761E-18       3.707216      3.728090      1.038127      5090.325     0.5153464      10.34468     0.9547018  1.545001E-18
 96      729.0000      257.7520      191.0000      1049.000      5093.689     0.3756208      1.670054  0.0001968962   6.312172E-18  1.724506E-18       3.660278      3.725582      1.049917      5090.456     0.6363504      10.07299      1.225103  1.547749E-18
 97      729.0000      257.7520      193.0000      1049.000      5093.750     0.3537643      1.670086  0.0001854392   6.591024E-18  1.736707E-18       3.795128      3.890121      1.059717      5090.442     0.6772467      10.41070      1.257900  1.552834E-18
 98      729.0000      257.7520      195.0000      1049.000      5093.774     0.3985585      1.670099  0.0002089199   6.231636E-18  1.751188E-18       3.558519      3.677986      1.064383      5090.409     0.7663615      10.34219      1.338635  1.546498E-18
 99      729.0000      257.7520      197.0000      1049.000      5093.745     0.3128747      1.670083  0.0001640054   5.741017E-18  1.734909E-18       3.309117      3.388438      1.050419      5090.656     0.5952829      9.407320      1.219733  1.526566E-18
100      729.0000      257.7520      199.0000      1049.000      5093.885     0.3863654      1.670157  0.0002025284   5.619799E-18  1.713641E-18       3.279450      3.316801      1.037052      5090.564     0.7204102      9.455248      1.645379  1.478248E-18
101      729.0000      257.7520      201.0000      1049.000      5093.824     0.3841160      1.670125  0.0002013493   5.790487E-18  1.728220E-18       3.350550      3.417582      1.047007      5090.568     0.6612808      9.249549      1.234541  1.493079E-18
102      729.0000      257.7520      203.0000      1049.000      5093.800     0.4525138      1.670113  0.0002372026   5.539329E-18  1.740033E-18       3.183461      3.269362      1.051556      5090.657     0.7165715      9.047586      1.338787  1.499143E-18
103      729.0000      257.7520      205.0000      1049.000      5093.814     0.4041812      1.670120  0.0002118672   4.621599E-18  1.693948E-18       2.728300      2.727702      1.017406      5090.626     0.5386658      8.240319      1.307628  1.458049E-18
104      729.0000      257.7520      207.0000      1049.000      5093.989     0.3095199      1.670212  0.0001622468   5.342434E-18  1.797025E-18       2.972932      3.153036      1.082746      5090.812     0.6143646      8.435624      1.380828  1.538597E-18
105      729.0000      257.7520      209.0000      1049.000      5093.909     0.3681784      1.670170  0.0001929950   4.446519E-18  1.758867E-18       2.528059      2.624320      1.053809      5090.693     0.6316904      8.110401      1.768984  1.487991E-18
106      729.0000      257.7520      211.0000      1049.000      5093.948     0.3630537      1.670190  0.0001903087   4.431942E-18  1.695049E-18       2.614639      2.615697      1.016613      5090.795     0.5122046      7.872633      1.103183  1.502653E-18
107      729.0000      257.7520      213.0000      1049.000      5093.112     0.7405032      1.669752  0.0003881634   4.906299E-18  1.623846E-18       3.021406      2.896134     0.9792219      5090.654     0.4750451      7.802036      1.092245  1.405568E-18
108      729.0000      257.7520      215.0000      1049.000      5092.393      1.014044      1.669375  0.0005315502   4.419793E-18  1.681645E-18       2.628256      2.609322      1.009048      5090.315     0.4099523      7.464468      1.146940  1.502582E-18
109      729.0000      257.7520      217.0000      1051.000      5097.813     0.7976956      1.672216  0.0004181430   3.100797E-18  2.175871E-18       1.425083      0.000000      0.000000      0.000000      0.000000      0.000000      0.000000  2.093624E-18
110      729.0000      257.7520      219.0000      1052.000      5099.530    0.05681398      1.673116  2.978125E-05  -3.955158E-18  2.601815E-18      -1.520154      0.000000      0.000000      0.000000      0.000000      0.000000      0.000000  2.593580E-18
111      729.0000      257.7520      221.0000      1052.000      5099.216    0.04735194      1.672951  2.482135E-05  -3.417460E-18  2.488875E-18      -1.373094      0.000000      0.000000      0.000000      0.000000      0.000000      0.000000  2.481567E-18
112      729.0000      257.7520      223.0000      1052.000      5099.375    0.06240990      1.673034  3.271456E-05  -4.608367E-18  2.586959E-18      -1.781384      0.000000      0.000000      0.000000      0.000000      0.000000      0.000000  2.576304E-18
113      729.0000      257.7520      225.0000      1052.000      5099.348    0.07081317      1.673021  3.711947E-05  -4.759150E-18  2.699331E-18      -1.763085      0.000000      0.000000      0.000000      0.000000      0.000000      0.000000  2.685920E-18
114      729.0000      257.7520      227.0000      1052.000      5099.346    0.07319317      1.673019  3.836703E-05  -5.249615E-18  2.575900E-18      -2.037973      0.000000      0.000000      0.000000      0.000000      0.000000      0.000000  2.563899E-18
115      729.0000      257.7520      229.0000      1052.000      5099.486    0.07562523      1.673093  3.964189E-05  -4.513700E-18  2.577296E-18      -1.751331      0.000000      0.000000      0.000000      0.000000      0.000000      0.000000  2.564367E-18
116      729.0000      257.7520      231.0000      1052.000      5099.239    0.07119546      1.672963  3.731986E-05  -4.576115E-18  2.606022E-18      -1.755977      0.000000      0.000000      0.000000      0.000000      0.000000      0.000000  2.593989E-18
117      729.0000      257.7520      233.0000      1052.000      5099.119    0.04568910      1.672900  2.394971E-05  -2.112937E-18  2.324126E-18     -0.9091316      0.000000      0.000000      0.000000      0.000000      0.000000      0.000000  2.317069E-18
118      729.0000      257.7520      235.0000      1052.000      5099.328    0.06140191      1.673010  3.218619E-05  -3.264563E-18  2.430818E-18      -1.342990      0.000000      0.000000      0.000000      0.000000      0.000000      0.000000  2.420754E-18
119      729.0000      257.7520      237.0000      1052.000      5099.258    0.07217626      1.672973  3.783398E-05  -3.433551E-18  2.466386E-18      -1.392138      0.000000      0.000000      0.000000      0.000000      0.000000      0.000000  2.455720E-18
120      729.0000      257.7520      239.0000      1052.000      5099.592    0.04997325      1.673149  2.619541E-05  -3.176673E-18  2.464933E-18      -1.288746      0.000000      0.000000      0.000000      0.000000      0.000000      0.000000  2.452951E-18
121      729.0000      257.7520      241.0000      1052.000      5099.853    0.07817307      1.673285  4.097744E-05  -2.167040E-18  2.417532E-18     -0.8963853      0.000000      0.000000      0.000000      0.000000      0.000000      0.000000  2.402119E-18
122      729.0000      257.7520      243.0000      1052.000      5100.473    0.06991793      1.673610  3.665019E-05  -2.527052E-18  2.495579E-18      -1.012611      0.000000      0.000000      0.000000      0.000000      0.000000      0.000000  2.480485E-18
123      729.0000      257.7520      245.0000      1052.000      5100.017    0.04255426      1.673371  2.230646E-05  -8.926713E-19  2.283860E-18     -0.3908608      0.000000      0.000000      0.000000      0.000000      0.000000      0.000000  2.274807E-18
124      729.0000      257.7520      247.0000      1037.000      5065.313      1.014934      1.655180  0.0005320171  -4.518105E-18  6.257206E-18     -0.7220643      0.000000      0.000000      0.000000      0.000000      0.000000      0.000000  6.200520E-18
125      729.0000      257.7520      249.0000      1052.000      5100.106    0.08415078      1.673418  4.411089E-05  -2.619027E-18  2.574126E-18      -1.017443      0.000000      0.000000      0.000000      0.000000      0.000000      0.000000  2.557030E-18
126      729.0000      257.7520      251.0000      1052.000      5100.556    0.04841294      1.673654  2.537752E-05  -2.524392E-18  2.406469E-18      -1.049003      0.000000      0.000000      0.000000      0.000000      0.000000      0.000000  2.394464E-18
127      729.0000      257.7520      253.0000      1053.000      5101.244    0.04635316      1.674015  2.429780E-05  -1.355818E-18  2.385137E-18     -0.5684445      0.000000      0.000000      0.000000      0.000000      0.000000      0.000000  2.373575E-18
128      729.0000      257.7520      255.0000      1053.000      5101.167    0.05029645      1.673974  2.636483E-05   5.156083E-19  2.411398E-18      0.2138214      0.000000      0.000000      0.000000      0.000000      0.000000      0.000000  2.394022E-18
129      729.0000      257.7520      257.0000      1052.000      5100.278     0.1184169      1.673508  6.207278E-05   2.474943E-18  2.466298E-18       1.003505      0.000000      0.000000      0.000000      0.000000      0.000000      0.000000  2.433355E-18
130      729.0000      257.7520      259.0000      1047.000      5088.899     0.8710095      1.667543  0.0004565734   2.377917E-17  4.502935E-18       5.280816      14.04820      2.831938      5083.019     0.7263814      32.91294      1.437853  4.392117E-18
131      729.0000      257.7520      261.0000      1052.000      5100.412     0.2019667      1.673578  0.0001058687   5.195206E-18  2.507156E-18       2.072151      3.062283      1.492912      5085.000      0.000000      25.01482      2.269890  2.462232E-18
132      729.0000      257.7520      263.0000      1052.000      5100.562     0.1066141      1.673657  5.588591E-05   3.245390E-18  2.395691E-18       1.354678      0.000000      0.000000      0.000000      0.000000      0.000000      0.000000  2.363452E-18
133      729.0000      257.7520      265.0000      1052.000      5099.835    0.09153204      1.673276  4.798006E-05   1.653424E-18  2.259859E-18      0.7316490      0.000000      0.000000      0.000000      0.000000      0.000000      0.000000  2.237026E-18
134      729.0000      257.7520      267.0000      1052.000      5100.616     0.1808255      1.673685  9.478669E-05   5.381994E-18  2.557818E-18       2.104135      3.172257      1.523495      5085.416      2.972071      22.69457      3.707864  2.506266E-18
135      729.0000      257.7520      269.0000      1052.000      5100.494     0.1670248      1.673621  8.755253E-05   3.598169E-18  2.457601E-18       1.464098      0.000000      0.000000      0.000000      0.000000      0.000000      0.000000  2.416815E-18
136      729.0000      257.7520      271.0000      1052.000      5100.315    0.09138267      1.673528  4.790176E-05   2.544048E-18  2.403275E-18       1.058575      0.000000      0.000000      0.000000      0.000000      0.000000      0.000000  2.370687E-18
137      729.0000      257.7520      273.0000      1052.000      5100.049     0.1433569      1.673388  7.514607E-05   2.994738E-18  2.542062E-18       1.178074      0.000000      0.000000      0.000000      0.000000      0.000000      0.000000  2.502134E-18
138      729.0000      257.7520      275.0000      1053.000      5101.392     0.1429520      1.674092  7.493381E-05   4.397530E-18  2.709076E-18       1.623258      0.000000      0.000000      0.000000      0.000000      0.000000      0.000000  2.669077E-18
139      729.0000      257.7520      277.0000      1050.000      5094.438     0.2259148      1.670447  0.0001184220   1.039242E-17  2.668957E-18       3.893815      6.132935      1.631103      5089.688      1.049515      12.69262      3.689863  2.356667E-18
140      729.0000      257.7520      279.0000      1052.000      5099.822     0.1819660      1.673269  9.538450E-05   5.101353E-18  2.507661E-18       2.034307      3.007309      1.492842      5084.025     0.1260382      24.20019      12.19695  2.466868E-18
141      729.0000      257.7520      281.0000      1052.000      5098.837     0.4322467      1.672753  0.0002265788   9.531871E-18  2.642277E-18       3.607446      5.620239      1.605665      5088.188     0.8499175      30.22418      1.932120  2.575118E-18
