  1      729.0000      257.7520      1.000000      618.0000      4137.426      2.815142      1.671030   0.001817393   5.535063E-19  2.986334E-19       1.853464      0.000000      0.000000      0.000000      0.000000      0.000000      0.000000  1.398540E-19
  2      729.0000      257.7520      3.000000      618.0000      4136.754      2.057775      1.670597   0.001328454   1.094239E-18  4.817652E-19       2.271311     0.6457124     0.2877734      4134.345      4.064297      12.82161      9.029325  2.232923E-19
  3      729.0000      257.7520      5.000000      617.0000      4135.752      1.845134      1.669950   0.001191178   1.735038E-18  5.955367E-19       2.913402      1.024097     0.3585702      4133.823      3.584006      16.56572      16.98478  2.201871E-19
  4      729.0000      257.7520      7.000000      617.0000      4135.823      1.538601      1.669996  0.0009932868   2.186019E-18  6.437287E-19       3.395870      1.290265     0.3902793      4134.406      1.756070      12.54076      4.989922  2.597967E-19
  5      729.0000      257.7520      9.000000      617.0000      4135.914      1.639181      1.670054   0.001058219   2.597091E-18  7.537269E-19       3.445666      1.532860     0.4573113      4134.972      2.539600      14.37579      5.545527  3.077730E-19
  6      729.0000      257.7520      11.00000      617.0000      4136.154      1.724638      1.670209   0.001113388   3.064432E-18  8.313734E-19       3.685988      1.808590     0.5063435      4135.307      2.033658      14.37073      5.040588  3.378054E-19
  7      729.0000      257.7520      13.00000      618.0000      4136.585      1.337900      1.670488  0.0008637184   3.512048E-18  8.839079E-19       3.973318      2.072551     0.5409345      4135.542      1.859308      14.15881      3.604357  3.803118E-19
  8      729.0000      257.7520      15.00000      618.0000      4136.305      1.159636      1.670307  0.0007486354   3.974903E-18  9.606143E-19       4.137876      2.345853     0.5896580      4135.614      1.889724      15.12506      5.374989  4.079309E-19
  9      729.0000      257.7520      17.00000      618.0000      4136.370      1.089192      1.670349  0.0007031584   4.780860E-18  9.486938E-19       5.039413      2.821457     0.5928768      4135.635      1.612479      15.89591      4.265059  4.380491E-19
 10      729.0000      257.7520      19.00000      618.0000      4136.774      1.347358      1.670609  0.0008698245   5.187331E-18  1.120831E-18       4.628111      3.061040     0.6944248      4135.985      1.660189      15.38822      4.664483  4.901907E-19
 11      729.0000      257.7520      21.00000      618.0000      4136.752      1.332877      1.670595  0.0008604756   5.120805E-18  1.223823E-18       4.184268      3.021799     0.7517836      4136.027      1.587162      14.72554      4.464288  5.282958E-19
 12      729.0000      257.7520      23.00000      618.0000      4136.776      1.380569      1.670611  0.0008912644   5.430019E-18  1.202548E-18       4.515427      3.204248     0.7433877      4136.331      1.311308      15.22206      4.415123  5.535498E-19
 13      729.0000      257.7520      25.00000      618.0000      4137.441      1.604869      1.671040   0.001036068   6.106990E-18  1.449818E-18       4.212246      3.603149     0.8909229      4137.191      2.117453      17.46744      7.365275  5.977631E-19
 14      729.0000      257.7520      27.00000      618.0000      4137.154      1.550769      1.670855   0.001001142   6.038097E-18  1.421585E-18       4.247441      3.562749     0.8742066      4137.128      2.317237      16.61626      6.572807  5.969664E-19
 15      729.0000      257.7520      29.00000      618.0000      4136.845      1.035197      1.670655  0.0006683001   6.297752E-18  1.378729E-18       4.567795      3.716235     0.8531667      4137.016      2.307074      18.09861      5.984372  6.172422E-19
 16      729.0000      257.7520      31.00000      618.0000      4137.110      1.500522      1.670826  0.0009687036   6.165579E-18  1.441947E-18       4.275869      3.638008     0.8872108      4136.432      2.287591      16.60053      7.001753  6.143367E-19
 17      729.0000      257.7520      33.00000      618.0000      4136.868      1.398963      1.670670  0.0009031392   6.426703E-18  1.592720E-18       4.035049      3.792306     0.9757169      4136.557      2.704500      17.75873      9.236909  6.252700E-19
 18      729.0000      257.7520      35.00000      618.0000      4136.938      1.099612      1.670715  0.0007098854   6.576655E-18  1.500764E-18       4.382206      3.880726     0.9253041      4136.190      2.024138      16.94279      5.368874  6.173268E-19
 19      729.0000      257.7520      37.00000      618.0000      4136.993      1.080593      1.670751  0.0006976071   6.611051E-18  1.500877E-18       4.404792      3.900969     0.9257634      4135.728      1.834463      15.87418      5.996378  6.324920E-19
 20      729.0000      257.7520      39.00000      618.0000      4136.647      1.160315      1.670528  0.0007490735   6.910482E-18  1.588770E-18       4.349580      4.077995     0.9790227      4135.900      2.362301      18.77076      8.176748  6.612793E-19
 21      729.0000      257.7520      41.00000      618.0000      4136.466     0.9692093      1.670411  0.0006257000   6.931868E-18  1.565218E-18       4.428691      4.090794     0.9660188      4135.651      1.918894      16.38414      7.022409  6.960390E-19
 22      729.0000      257.7520      43.00000      618.0000      4136.586      1.318351      1.670488  0.0008510982   7.001479E-18  1.583738E-18       4.420857      4.131755     0.9772723      4136.199      1.963947      16.75991      7.953536  7.149469E-19
 23      729.0000      257.7520      45.00000      618.0000      4136.415      1.283603      1.670377  0.0008286659   7.262320E-18  1.729610E-18       4.198820      4.285862      1.062856      4136.125      2.574649      17.06698      7.455235  7.290053E-19
 24      729.0000      257.7520      47.00000      618.0000      4136.557      1.205585      1.670469  0.0007782991   7.178949E-18  1.620960E-18       4.428825      4.236515      1.000402      4136.140      2.948384      20.69597      10.39945  7.502571E-19
 25      729.0000      257.7520      49.00000      618.0000      4136.883      1.097076      1.670680  0.0007082479   6.752959E-18  1.660100E-18       4.067802      3.984811      1.017589      4136.254      2.603029      16.58515      8.732139  8.033841E-19
 26      729.0000      257.7520      51.00000      618.0000      4136.503     0.8620163      1.670434  0.0005564985   7.397459E-18  1.743616E-18       4.242597      4.365521      1.072312      4136.314      2.397948      19.17144      9.193789  7.793358E-19
 27      729.0000      257.7520      53.00000      618.0000      4136.286      1.175190      1.670295  0.0007586768   6.712173E-18  1.709267E-18       3.926931      3.961316      1.045262      4136.051      3.103682      17.72410      8.711346  8.079022E-19
 28      729.0000      257.7520      55.00000      618.0000      4136.426     0.9797084      1.670385  0.0006324780   6.612119E-18  1.494844E-18       4.423285      3.902135     0.9224976      4135.955      2.056308      17.60048      6.370974  7.927373E-19
 29      729.0000      257.7520      57.00000      618.0000      4136.542      1.217733      1.670460  0.0007861411   6.951501E-18  1.675003E-18       4.150143      4.102305      1.028346      4136.236      2.676153      19.55759      10.57354  7.923608E-19
 30      729.0000      257.7520      59.00000      618.0000      4136.352      1.136485      1.670337  0.0007336897   7.195039E-18  1.587570E-18       4.532110      4.246220     0.9818221      4136.486      2.688507      21.55107      11.40489  7.668187E-19
 31      729.0000      257.7520      61.00000      618.0000      4136.407      1.188695      1.670372  0.0007673954   6.926345E-18  1.692328E-18       4.092791      4.087594      1.037932      4135.827      3.003331      20.87732      9.299327  7.633785E-19
 32      729.0000      257.7520      63.00000      618.0000      4136.719     0.9159887      1.670574  0.0005913420   7.119466E-18  1.522412E-18       4.676437      4.201247     0.9441608      4136.336      2.465796      20.63086      9.898137  8.669942E-19
 33      729.0000      257.7520      65.00000      617.0000      4135.747      2.039863      1.669946   0.001316890   5.879111E-18  2.182454E-18       2.693807      3.470121      1.310328      4136.796      3.335650      17.82409      9.290023  8.642343E-19
 34      729.0000      257.7520      67.00000      618.0000      4136.866      1.051866      1.670669  0.0006790615   6.684247E-18  1.674682E-18       3.991353      3.944281      1.025130      4136.135      2.605632      19.84061      9.241186  8.077763E-19
 35      729.0000      257.7520      69.00000      617.0000      4136.201      1.161312      1.670240  0.0007497172   6.338968E-18  1.638041E-18       3.869846      3.741138      1.000733      4136.258      2.936445      18.16072      8.416799  7.529670E-19
 36      729.0000      257.7520      71.00000      618.0000      4136.571      1.628829      1.670478   0.001051536   6.577296E-18  2.048640E-18       3.210567      3.881448      1.238376      4136.421      3.352048      17.38264      9.722240  7.553518E-19
 37      729.0000      257.7520      73.00000      618.0000      4136.328      1.191144      1.670321  0.0007689762   6.526189E-18  1.602879E-18       4.071542      3.851515     0.9827125      4135.645      2.256620      18.14971      6.607600  8.193132E-19
 38      729.0000      257.7520      75.00000      618.0000      4136.343      1.381164      1.670331  0.0008916487   6.538271E-18  1.637022E-18       3.994004      3.858631      1.002251      4136.467      2.996065      19.13918      10.18141  7.980218E-19
 39      729.0000      257.7520      77.00000      617.0000      4135.935      1.295307      1.670068  0.0008362212   6.840969E-18  1.572946E-18       4.349143      4.037670     0.9694311      4135.397      2.326327      20.93438      6.511815  7.903572E-19
 40      729.0000      257.7520      79.00000      617.0000      4135.006      1.462327      1.669468  0.0009440461   4.972888E-18  1.339935E-18       3.711289      2.935752     0.8166497      4137.078      2.349490      18.32812      4.537612  9.696328E-19
 41      729.0000      257.7520      81.00000      617.0000      4135.712      1.747628      1.669924   0.001128230   6.320352E-18  1.787284E-18       3.536288      3.730592      1.086008      4135.774      2.894194      20.33284      10.04882  8.245431E-19
 42      729.0000      257.7520      83.00000      617.0000      4135.702      1.539406      1.669917  0.0009938064   5.623954E-18  1.815726E-18       3.097359      3.319551      1.096026      4135.307      3.107960      17.15409      8.204830  8.299791E-19
 43      729.0000      257.7520      85.00000      617.0000      4135.539      1.899798      1.669812   0.001226468   5.027848E-18  1.913945E-18       2.626955      2.967815      1.148231      4135.102      3.814532      16.46928      7.984369  8.374971E-19
 44      729.0000      257.7520      87.00000      617.0000      4135.367      1.888997      1.669701   0.001219495   4.687462E-18  2.057982E-18       2.277698      2.767009      1.229793      4134.785      4.487855      16.46394      10.85137  8.657887E-19
 45      729.0000      257.7520      89.00000      617.0000      4135.296      1.346213      1.669656  0.0008690852   5.049662E-18  1.758029E-18       2.872343      2.980867      1.058041      4134.879      3.109966      15.47014      10.72128  9.263321E-19
 46      729.0000      257.7520      91.00000      617.0000      4135.500      1.431979      1.669787  0.0009244535   5.563469E-18  1.771850E-18       3.139920      3.284010      1.070243      4134.621      2.682899      15.35519      10.65525  9.487347E-19
 47      729.0000      257.7520      93.00000      617.0000      4135.039      2.261807      1.669489   0.001460173   4.510675E-18  1.806014E-18       2.497585      2.662863      1.081948      4134.023      3.778961      14.89236      7.674921  9.228607E-19
 48      729.0000      257.7520      95.00000      617.0000      4135.021      2.031490      1.669478   0.001311485   4.627664E-18  1.991147E-18       2.324120      2.731939      1.190546      4134.406      3.732496      15.58641      10.28371  9.364872E-19
 49      729.0000      257.7520      97.00000      617.0000      4135.474      1.602699      1.669770   0.001034667   5.772059E-18  1.897096E-18       3.042575      3.407158      1.144327      4134.767      2.747952      16.04741      10.07436  1.070980E-18
 50      729.0000      257.7520      99.00000      617.0000      4135.622      1.571663      1.669866   0.001014631   5.216564E-18  1.845350E-18       2.826870      3.079148      1.109845      4134.952      4.050534      19.20963      12.48340  9.861371E-19
 51      729.0000      257.7520      101.0000      617.0000      4135.387      1.386620      1.669714  0.0008951713   4.149042E-18  1.897623E-18       2.186442      2.449167      1.132883      4134.635      3.111745      11.01382      8.419878  1.060715E-18
 52      729.0000      257.7520      103.0000      617.0000      4135.314      2.005534      1.669667   0.001294728   4.423322E-18  1.974557E-18       2.240159      2.611120      1.179488      4134.743      3.290431      10.20020      7.390811  1.038115E-18
 53      729.0000      257.7520      105.0000      617.0000      4135.649      1.863156      1.669883   0.001202812   4.371693E-18  2.015372E-18       2.169174      2.580434      1.202892      4134.580      4.229362      12.96199      10.55009  9.819679E-19
 54      729.0000      257.7520      107.0000      617.0000      4135.454      1.477840      1.669757  0.0009540609   5.021908E-18  1.901904E-18       2.640464      2.964370      1.141218      4134.670      4.621002      15.60962      15.07058  1.055294E-18
 55      729.0000      257.7520      109.0000      617.0000      4134.830      1.265972      1.669354  0.0008172832   4.580878E-18  1.808019E-18       2.533645      2.704444      1.083660      4133.902      3.073847      12.66532      9.136191  1.043628E-18
 56      729.0000      257.7520      111.0000      617.0000      4134.124      2.393140      1.668899   0.001544958   3.086630E-18  2.275271E-18       1.356599      0.000000      0.000000      0.000000      0.000000      0.000000      0.000000  9.797729E-19
 57      729.0000      257.7520      113.0000      617.0000      4135.813      1.276089      1.669989  0.0008238146   5.303665E-18  1.835484E-18       2.889519      3.130416      1.104769      4134.697      4.012326      17.10546      18.12032  1.108827E-18
 58      729.0000      257.7520      115.0000      617.0000      4134.899      1.900583      1.669399   0.001226974   3.720390E-18  1.638105E-18       2.271155      2.196395     0.9789283      4133.664      5.284720      6489.779      64700.63  9.906620E-19
 59      729.0000      257.7520      117.0000      617.0000      4135.654      1.603996      1.669886   0.001035505   5.234696E-18  2.442338E-18       2.143314      3.089826      1.457349      4134.180      2.889821      9.272440      9.108938  1.396039E-18
 60      729.0000      257.7520      119.0000      617.0000      4134.767      2.535838      1.669313   0.001637081   3.231818E-18  2.359709E-18       1.369583      0.000000      0.000000      0.000000      0.000000      0.000000      0.000000  1.016238E-18
 61      729.0000      257.7520      121.0000      617.0000      4135.176      2.157166      1.669578   0.001392619   3.885832E-18  2.120462E-18       1.832540      0.000000      0.000000      0.000000      0.000000      0.000000      0.000000  1.108806E-18
 62      729.0000      257.7520      123.0000      617.0000      4135.855      1.844859      1.670016   0.001191000   3.952204E-18  2.580300E-18       1.531684      0.000000      0.000000      0.000000      0.000000      0.000000      0.000000  1.158158E-18
 63      729.0000      257.7520      125.0000      617.0000      4135.428      1.760214      1.669740   0.001136355   4.019176E-18  2.197931E-18       1.828618      0.000000      0.000000      0.000000      0.000000      0.000000      0.000000  1.250315E-18
 64      729.0000      257.7520      127.0000      617.0000      4135.636      1.464297      1.669875  0.0009453176   4.192620E-18  2.588680E-18       1.619598      0.000000      0.000000      0.000000      0.000000      0.000000      0.000000  1.428691E-18
 65      729.0000      257.7520      129.0000      617.0000      4135.583      1.704218      1.669840   0.001100206   3.602546E-18  2.163915E-18       1.664828      0.000000      0.000000      0.000000      0.000000      0.000000      0.000000  1.375557E-18
 66      729.0000      257.7520      131.0000      617.0000      4135.857     0.9840212      1.670017  0.0006352623   3.189189E-18  1.918978E-18       1.661921      0.000000      0.000000      0.000000      0.000000      0.000000      0.000000  1.457388E-18
 67      729.0000      257.7520      133.0000      617.0000      4135.920      1.268989      1.670058  0.0008192310   2.798462E-18  2.016583E-18       1.387725      0.000000      0.000000      0.000000      0.000000      0.000000      0.000000  1.432710E-18
 68      729.0000      257.7520      135.0000      617.0000      4135.646      4.317980      1.669881   0.002787592   5.347350E-19  2.940562E-18      0.1818479      0.000000      0.000000      0.000000      0.000000      0.000000      0.000000  1.557470E-18
 69      729.0000      257.7520      137.0000      617.0000      4136.130      1.303772      1.670194  0.0008416866   2.242673E-18  2.053585E-18       1.092077      0.000000      0.000000      0.000000      0.000000      0.000000      0.000000  1.411079E-18
 70      729.0000      257.7520      139.0000      617.0000      4135.905      1.234622      1.670049  0.0007970447   2.924968E-18  2.179128E-18       1.342266      0.000000      0.000000      0.000000      0.000000      0.000000      0.000000  1.702375E-18
 71      729.0000      257.7520      141.0000      617.0000      4136.104      1.199183      1.670177  0.0007741661   2.260384E-18  2.135625E-18       1.058418      0.000000      0.000000      0.000000      0.000000      0.000000      0.000000  1.590304E-18
 72      729.0000      257.7520      143.0000      617.0000      4135.871      1.332920      1.670027  0.0008605034   2.091649E-18  2.179586E-18      0.9596543      0.000000      0.000000      0.000000      0.000000      0.000000      0.000000  1.606947E-18
 73      729.0000      257.7520      145.0000      617.0000      4135.936      1.468067      1.670069  0.0009477514   2.423930E-18  2.441714E-18      0.9927169      0.000000      0.000000      0.000000      0.000000      0.000000      0.000000  1.711696E-18
 74      729.0000      257.7520      147.0000      617.0000      4135.762      1.272855      1.669956  0.0008217270   2.392985E-18  2.202771E-18       1.086352      0.000000      0.000000      0.000000      0.000000      0.000000      0.000000  1.697127E-18
 75      729.0000      257.7520      149.0000      617.0000      4135.914      1.960305      1.670054   0.001265530   2.212354E-18  2.343891E-18      0.9438810      0.000000      0.000000      0.000000      0.000000      0.000000      0.000000  1.660550E-18
 76      729.0000      257.7520      151.0000      618.0000      4136.443      1.460956      1.670396  0.0009431610   2.013564E-18  2.130758E-18      0.9449990      0.000000      0.000000      0.000000      0.000000      0.000000      0.000000  1.671772E-18
 77      729.0000      257.7520      153.0000      617.0000      4136.153      1.297836      1.670209  0.0008378541   2.133094E-18  2.305594E-18      0.9251820      0.000000      0.000000      0.000000      0.000000      0.000000      0.000000  1.783994E-18
 78      729.0000      257.7520      155.0000      618.0000      4136.335      1.315759      1.670326  0.0008494245   1.252898E-18  2.091088E-18      0.5991610      0.000000      0.000000      0.000000      0.000000      0.000000      0.000000  1.734937E-18
 79      729.0000      257.7520      157.0000      618.0000      4136.450      1.391259      1.670400  0.0008981660   1.230411E-18  2.244822E-18      0.5481105      0.000000      0.000000      0.000000      0.000000      0.000000      0.000000  1.787504E-18
 80      729.0000      257.7520      159.0000      618.0000      4136.589      1.519376      1.670490  0.0009808756   1.477901E-18  2.195840E-18      0.6730457      0.000000      0.000000      0.000000      0.000000      0.000000      0.000000  1.829572E-18
 81      729.0000      257.7520      161.0000      622.0000      4146.715      1.066967      1.677027  0.0006888102   2.867135E-19  1.721502E-18      0.1665485      0.000000      0.000000      0.000000      0.000000      0.000000      0.000000  1.589425E-18
 82      729.0000      257.7520      163.0000      618.0000      4136.263      1.648855      1.670280   0.001064464   8.552430E-19  2.359836E-18      0.3624163      0.000000      0.000000      0.000000      0.000000      0.000000      0.000000  1.848419E-18
 83      729.0000      257.7520      165.0000      618.0000      4136.733      1.151471      1.670583  0.0007433641   1.655232E-18  2.335605E-18      0.7086951      0.000000      0.000000      0.000000      0.000000      0.000000      0.000000  2.066705E-18
 84      729.0000      257.7520      167.0000      617.0000      4135.468      5.804948      1.669766   0.003747546   4.014502E-20  2.448087E-18     0.01639852      0.000000      0.000000      0.000000      0.000000      0.000000      0.000000  1.473461E-18
 85      729.0000      257.7520      169.0000      617.0000      4135.524      2.243039      1.669803   0.001448056   4.633771E-19  2.072726E-18      0.2235593      0.000000      0.000000      0.000000      0.000000      0.000000      0.000000  1.704460E-18
 86      729.0000      257.7520      171.0000      617.0000      4136.100      3.388052      1.670174   0.002187251  -2.746457E-19  2.250164E-18     -0.1220559      0.000000      0.000000      0.000000      0.000000      0.000000      0.000000  1.711788E-18
 87      729.0000      257.7520      173.0000      618.0000      4136.356      3.412773      1.670340   0.002203210  -1.228755E-19  2.366584E-18    -0.05192103      0.000000      0.000000      0.000000      0.000000      0.000000      0.000000  1.708352E-18
 88      729.0000      257.7520      175.0000      618.0000      4137.691      2.669689      1.671201   0.001723492   6.295459E-20  2.119749E-18     0.02969908      0.000000      0.000000      0.000000      0.000000      0.000000      0.000000  1.771914E-18
 89      729.0000      257.7520      177.0000      618.0000      4137.951      2.368873      1.671369   0.001529292  -4.825005E-19  2.236584E-18     -0.2157310      0.000000      0.000000      0.000000      0.000000      0.000000      0.000000  1.822596E-18
 90      729.0000      257.7520      179.0000      618.0000      4137.973      1.160535      1.671383  0.0007492157  -1.270433E-18  2.115335E-18     -0.6005823      0.000000      0.000000      0.000000      0.000000      0.000000      0.000000  1.822039E-18
 91      729.0000      257.7520      181.0000      618.0000      4138.058      1.092970      1.671438  0.0007055969  -1.136442E-18  2.247373E-18     -0.5056757      0.000000      0.000000      0.000000      0.000000      0.000000      0.000000  1.983335E-18
 92      729.0000      257.7520      183.0000      618.0000      4138.182     0.8854039      1.671519  0.0005715971  -1.591587E-18  2.150307E-18     -0.7401673      0.000000      0.000000      0.000000      0.000000      0.000000      0.000000  1.958049E-18
 93      729.0000      257.7520      185.0000      618.0000      4138.183      1.261177      1.671519  0.0008141879  -2.537678E-18  2.132851E-18      -1.189806      0.000000      0.000000      0.000000      0.000000      0.000000      0.000000  1.885296E-18
 94      729.0000      257.7520      187.0000      618.0000      4137.893     0.9466913      1.671332  0.0006111629  -3.124670E-18  2.169621E-18      -1.440192      0.000000      0.000000      0.000000      0.000000      0.000000      0.000000  1.995896E-18
 95      729.0000      257.7520      189.0000      618.0000      4138.018      1.255945      1.671412  0.0008108103  -3.647772E-18  2.347214E-18      -1.554086      0.000000      0.000000      0.000000      0.000000      0.000000      0.000000  2.132794E-18
 96      729.0000      257.7520      191.0000      618.0000      4138.156      1.434004      1.671501  0.0009257609  -3.957370E-18  2.383301E-18      -1.660457      0.000000      0.000000      0.000000      0.000000      0.000000      0.000000  2.160186E-18
 97      729.0000      257.7520      193.0000      618.0000      4138.280      1.305601      1.671582  0.0008428670  -4.885027E-18  2.523178E-18      -1.936061      0.000000      0.000000      0.000000      0.000000      0.000000      0.000000  2.300134E-18
 98      729.0000      257.7520      195.0000      618.0000      4138.185      1.890099      1.671520   0.001220206  -5.526181E-18  2.569907E-18      -2.150343      0.000000      0.000000      0.000000      0.000000      0.000000      0.000000  2.351788E-18
 99      729.0000      257.7520      197.0000      619.0000      4140.177      3.543377      1.672806   0.002287526  -5.257292E-18  2.640007E-18      -1.991393      0.000000      0.000000      0.000000      0.000000      0.000000      0.000000  2.450642E-18
100      729.0000      257.7520      199.0000      617.0000      4135.602      1.807778      1.669853   0.001167062  -4.796869E-18  2.693157E-18      -1.781133      0.000000      0.000000      0.000000      0.000000      0.000000      0.000000  2.533804E-18
101      729.0000      257.7520      201.0000      618.0000      4136.629      1.290591      1.670516  0.0008331769  -5.528525E-18  2.881079E-18      -1.918908      0.000000      0.000000      0.000000      0.000000      0.000000      0.000000  2.745922E-18
102      729.0000      257.7520      203.0000      618.0000      4136.772     0.6328622      1.670609  0.0004085618  -4.275096E-18  3.216210E-18      -1.329234      0.000000      0.000000      0.000000      0.000000      0.000000      0.000000  3.116259E-18
103      729.0000      257.7520      205.0000      618.0000      4136.861     0.3140861      1.670666  0.0002027670  -3.109705E-18  3.519901E-18     -0.8834636      0.000000      0.000000      0.000000      0.000000      0.000000      0.000000  3.467074E-18
104      729.0000      257.7520      207.0000      618.0000      4136.570     0.3499146      1.670478  0.0002258971  -4.245274E-18  3.915727E-18      -1.084160      0.000000      0.000000      0.000000      0.000000      0.000000      0.000000  3.848133E-18
105      729.0000      257.7520      209.0000      618.0000      4136.667     0.2228224      1.670540  0.0001438492  -3.646167E-18  4.162756E-18     -0.8759020      0.000000      0.000000      0.000000      0.000000      0.000000      0.000000  4.125191E-18
106      729.0000      257.7520      211.0000      618.0000      4136.291     0.3440426      1.670297  0.0002221063  -5.677555E-18  4.184887E-18      -1.356681      0.000000      0.000000      0.000000      0.000000      0.000000      0.000000  4.135491E-18
107      729.0000      257.7520      213.0000      618.0000      4136.272     0.2320280      1.670286  0.0001497921  -4.098600E-18  4.447337E-18     -0.9215852      0.000000      0.000000      0.000000      0.000000      0.000000      0.000000  4.405946E-18
108      729.0000      257.7520      215.0000      617.0000      4136.182     0.3325577      1.670227  0.0002146919  -4.924650E-18  4.460742E-18      -1.103998      0.000000      0.000000      0.000000      0.000000      0.000000      0.000000  4.416573E-18
109      729.0000      257.7520      217.0000      617.0000      4136.049     0.3321622      1.670141  0.0002144365  -5.045051E-18  4.521418E-18      -1.115812      0.000000      0.000000      0.000000      0.000000      0.000000      0.000000  4.466529E-18
110      729.0000      257.7520      219.0000      617.0000      4136.013     0.3613394      1.670118  0.0002332727  -5.529396E-18  4.414757E-18      -1.252480      0.000000      0.000000      0.000000      0.000000      0.000000      0.000000  4.355865E-18
111      729.0000      257.7520      221.0000      617.0000      4135.830     0.3298507      1.670000  0.0002129443  -6.266958E-18  4.431287E-18      -1.414252      0.000000      0.000000      0.000000      0.000000      0.000000      0.000000  4.375300E-18
112      729.0000      257.7520      223.0000      617.0000      4135.979     0.4194452      1.670096  0.0002707845  -6.510610E-18  4.683313E-18      -1.390172      0.000000      0.000000      0.000000      0.000000      0.000000      0.000000  4.622429E-18
113      729.0000      257.7520      225.0000      617.0000      4135.911     0.3627320      1.670052  0.0002341717  -6.182225E-18  4.799326E-18      -1.288145      0.000000      0.000000      0.000000      0.000000      0.000000      0.000000  4.737322E-18
114      729.0000      257.7520      227.0000      617.0000      4136.061     0.3834449      1.670149  0.0002475435  -6.289004E-18  4.806029E-18      -1.308566      0.000000      0.000000      0.000000      0.000000      0.000000      0.000000  4.746771E-18
115      729.0000      257.7520      229.0000      617.0000      4135.981     0.3356090      1.670098  0.0002166617  -5.526973E-18  4.902406E-18      -1.127400      0.000000      0.000000      0.000000      0.000000      0.000000      0.000000  4.849029E-18
116      729.0000      257.7520      231.0000      617.0000      4136.110     0.2370398      1.670181  0.0001530276  -4.419669E-18  5.146391E-18     -0.8587900      0.000000      0.000000      0.000000      0.000000      0.000000      0.000000  5.098295E-18
117      729.0000      257.7520      233.0000      618.0000      4136.318     0.1612186      1.670315  0.0001040791  -3.436081E-18  5.107719E-18     -0.6727232      0.000000      0.000000      0.000000      0.000000      0.000000      0.000000  5.079932E-18
118      729.0000      257.7520      235.0000      617.0000      4136.043     0.3158305      1.670137  0.0002038932  -4.560575E-18  5.286842E-18     -0.8626275      0.000000      0.000000      0.000000      0.000000      0.000000      0.000000  5.236019E-18
119      729.0000      257.7520      237.0000      617.0000      4135.842     0.4106388      1.670008  0.0002650993  -6.623995E-18  5.254232E-18      -1.260697      0.000000      0.000000      0.000000      0.000000      0.000000      0.000000  5.192190E-18
120      729.0000      257.7520      239.0000      617.0000      4135.951     0.3149371      1.670078  0.0002033164  -7.329871E-18  5.246969E-18      -1.396972      0.000000      0.000000      0.000000      0.000000      0.000000      0.000000  5.186480E-18
121      729.0000      257.7520      241.0000      617.0000      4136.134     0.3105273      1.670196  0.0002004695  -3.059359E-18  5.475459E-18     -0.5587402      0.000000      0.000000      0.000000      0.000000      0.000000      0.000000  5.426301E-18
122      729.0000      257.7520      243.0000      617.0000      4135.989     0.2916672      1.670103  0.0001882939  -3.933630E-18  5.629567E-18     -0.6987446      0.000000      0.000000      0.000000      0.000000      0.000000      0.000000  5.588356E-18
123      729.0000      257.7520      245.0000      617.0000      4136.188     0.1496881      1.670231  9.663531E-05  -4.090481E-18  5.248248E-18     -0.7793993      0.000000      0.000000      0.000000      0.000000      0.000000      0.000000  5.228548E-18
124      729.0000      257.7520      247.0000      619.0000      4139.296     0.6356004      1.672237  0.0004103295  -1.412322E-17  4.735851E-18      -2.982192      0.000000      0.000000      0.000000      0.000000      0.000000      0.000000  4.499827E-18
125      729.0000      257.7520      249.0000      617.0000      4135.957     0.2057745      1.670082  0.0001328434  -5.873484E-18  5.842556E-18      -1.005294      0.000000      0.000000      0.000000      0.000000      0.000000      0.000000  5.814418E-18
126      729.0000      257.7520      251.0000      617.0000      4136.095     0.1727225      1.670171  0.0001115058  -6.261357E-18  5.734461E-18      -1.091882      0.000000      0.000000      0.000000      0.000000      0.000000      0.000000  5.709616E-18
127      729.0000      257.7520      253.0000      617.0000      4135.992     0.2157274      1.670105  0.0001392688  -6.568093E-18  5.843545E-18      -1.123991      0.000000      0.000000      0.000000      0.000000      0.000000      0.000000  5.808959E-18
128      729.0000      257.7520      255.0000      617.0000      4136.063     0.2556107      1.670151  0.0001650166  -7.424938E-18  5.965511E-18      -1.244644      0.000000      0.000000      0.000000      0.000000      0.000000      0.000000  5.930930E-18
129      729.0000      257.7520      257.0000      617.0000      4135.907     0.3289160      1.670050  0.0002123409  -8.050843E-18  6.173291E-18      -1.304141      0.000000      0.000000      0.000000      0.000000      0.000000      0.000000  6.133411E-18
130      729.0000      257.7520      259.0000      619.0000      4139.229     0.9942012      1.672194  0.0006418342  -1.451694E-17  5.219854E-18      -2.781100      0.000000      0.000000      0.000000      0.000000      0.000000      0.000000  4.997379E-18
131      729.0000      257.7520      261.0000      617.0000      4136.036     0.3038549      1.670133  0.0001961620  -7.555530E-18  6.279374E-18      -1.203230      0.000000      0.000000      0.000000      0.000000      0.000000      0.000000  6.235290E-18
132      729.0000      257.7520      263.0000      617.0000      4135.957     0.2425494      1.670082  0.0001565845  -6.876333E-18  6.241115E-18      -1.101780      0.000000      0.000000      0.000000      0.000000      0.000000      0.000000  6.196480E-18
133      729.0000      257.7520      265.0000      617.0000      4136.167     0.1944663      1.670218  0.0001255431  -7.278512E-18  5.933341E-18      -1.226714      0.000000      0.000000      0.000000      0.000000      0.000000      0.000000  5.901280E-18
134      729.0000      257.7520      267.0000      617.0000      4135.504     0.5304941      1.669790  0.0003424752  -8.418072E-18  6.342951E-18      -1.327154      0.000000      0.000000      0.000000      0.000000      0.000000      0.000000  6.278725E-18
135      729.0000      257.7520      269.0000      617.0000      4135.619     0.4422259      1.669863  0.0002854912  -7.325454E-18  6.188002E-18      -1.183816      0.000000      0.000000      0.000000      0.000000      0.000000      0.000000  6.126877E-18
136      729.0000      257.7520      271.0000      617.0000      4135.562     0.3498311      1.669827  0.0002258432  -6.973403E-18  6.006033E-18      -1.161066      0.000000      0.000000      0.000000      0.000000      0.000000      0.000000  5.946352E-18
137      729.0000      257.7520      273.0000      617.0000      4135.249     0.4932351      1.669625  0.0003184216  -8.145128E-18  5.883852E-18      -1.384319      0.000000      0.000000      0.000000      0.000000      0.000000      0.000000  5.818819E-18
138      729.0000      257.7520      275.0000      617.0000      4134.579     0.8226575      1.669192  0.0005310894  -1.053611E-17  5.827309E-18      -1.808057      0.000000      0.000000      0.000000      0.000000      0.000000      0.000000  5.746144E-18
139      729.0000      257.7520      277.0000      618.0000      4137.921     0.4436820      1.671350  0.0002864312  -1.008356E-17  4.517733E-18      -2.231996      0.000000      0.000000      0.000000      0.000000      0.000000      0.000000  4.136440E-18
140      729.0000      257.7520      279.0000      617.0000      4135.241     0.4742466      1.669620  0.0003061631  -7.785467E-18  5.712646E-18      -1.362848      0.000000      0.000000      0.000000      0.000000      0.000000      0.000000  5.651671E-18
141      729.0000      257.7520      281.0000      617.0000      4135.392     0.4212492      1.669717  0.0002719491  -7.220886E-18  5.822276E-18      -1.240217      0.000000      0.000000      0.000000      0.000000      0.000000      0.000000  5.766126E-18
