 AP       XCENTER       YCENTER        APSIZE       PIXPEAK          WAVE       WAVEERR             Z          ZERR         SIGNAL         NOISE          RATIO      BBEWREST   BBEWRESTERR       WAVEFIT    WAVEFITERR          FWHM       FWHMERR          FLIM
--- ------------- ------------- ------------- ------------- ------------- ------------- ------------- ------------- -------------- ------------- -------------- ------------- ------------- ------------- ------------- ------------- ------------- -------------
  1      714.0000      187.1910      1.000000      0.000000      0.000000      0.000000      0.000000      0.000000   4.556342E-19  3.902577E-19       1.167521      0.000000      0.000000      0.000000      0.000000      0.000000      0.000000  1.620446E-19
  2      714.0000      187.1910      3.000000      0.000000      0.000000      0.000000      0.000000      0.000000   6.990631E-19  7.012669E-19      0.9968574      0.000000      0.000000      0.000000      0.000000      0.000000      0.000000  2.076784E-19
  3      714.0000      187.1910      5.000000      0.000000      0.000000      0.000000      0.000000      0.000000   1.194275E-18  7.120836E-19       1.677156      0.000000      0.000000      0.000000      0.000000      0.000000      0.000000  2.714881E-19
  4      714.0000      187.1910      7.000000      0.000000      0.000000      0.000000      0.000000      0.000000   1.182221E-18  9.161073E-19       1.290484      0.000000      0.000000      0.000000      0.000000      0.000000      0.000000  3.381574E-19
  5      714.0000      187.1910      9.000000      0.000000      0.000000      0.000000      0.000000      0.000000   1.221511E-18  8.743754E-19       1.397010      0.000000      0.000000      0.000000      0.000000      0.000000      0.000000  4.044205E-19
  6      714.0000      187.1910      11.00000      0.000000      0.000000      0.000000      0.000000      0.000000   1.374495E-18  1.187182E-18       1.157779      0.000000      0.000000      0.000000      0.000000      0.000000      0.000000  4.406073E-19
  7      714.0000      187.1910      13.00000      0.000000      0.000000      0.000000      0.000000      0.000000   1.623127E-18  1.199893E-18       1.352726      0.000000      0.000000      0.000000      0.000000      0.000000      0.000000  4.655518E-19
  8      714.0000      187.1910      15.00000      0.000000      0.000000      0.000000      0.000000      0.000000   2.061252E-18  1.244141E-18       1.656768      0.000000      0.000000      0.000000      0.000000      0.000000      0.000000  5.176736E-19
  9      714.0000      187.1910      17.00000      0.000000      0.000000      0.000000      0.000000      0.000000   2.187317E-18  1.253932E-18       1.744366      0.000000      0.000000      0.000000      0.000000      0.000000      0.000000  5.294875E-19
 10      714.0000      187.1910      19.00000      0.000000      0.000000      0.000000      0.000000      0.000000   2.226078E-18  1.563074E-18       1.424167      0.000000      0.000000      0.000000      0.000000      0.000000      0.000000  5.409753E-19
 11      714.0000      187.1910      21.00000      0.000000      0.000000      0.000000      0.000000      0.000000   2.381055E-18  1.495331E-18       1.592327      0.000000      0.000000      0.000000      0.000000      0.000000      0.000000  5.609536E-19
 12      714.0000      187.1910      23.00000      0.000000      0.000000      0.000000      0.000000      0.000000   2.647623E-18  1.487620E-18       1.779771      0.000000      0.000000      0.000000      0.000000      0.000000      0.000000  6.185369E-19
 13      714.0000      187.1910      25.00000      0.000000      0.000000      0.000000      0.000000      0.000000   2.937718E-18  1.634071E-18       1.797791      0.000000      0.000000      0.000000      0.000000      0.000000      0.000000  6.839825E-19
 14      714.0000      187.1910      27.00000      0.000000      0.000000      0.000000      0.000000      0.000000   3.089975E-18  1.616844E-18       1.911115      0.000000      0.000000      0.000000      0.000000      0.000000      0.000000  7.266344E-19
 15      714.0000      187.1910      29.00000      0.000000      0.000000      0.000000      0.000000      0.000000   3.230589E-18  1.833185E-18       1.762282      0.000000      0.000000      0.000000      0.000000      0.000000      0.000000  7.473201E-19
 16      714.0000      187.1910      31.00000      0.000000      0.000000      0.000000      0.000000      0.000000   3.100467E-18  1.839391E-18       1.685594      0.000000      0.000000      0.000000      0.000000      0.000000      0.000000  7.639670E-19
 17      714.0000      187.1910      33.00000      0.000000      0.000000      0.000000      0.000000      0.000000   2.953733E-18  1.806193E-18       1.635336      0.000000      0.000000      0.000000      0.000000      0.000000      0.000000  7.673039E-19
 18      714.0000      187.1910      35.00000      0.000000      0.000000      0.000000      0.000000      0.000000   3.283224E-18  1.945289E-18       1.687782      0.000000      0.000000      0.000000      0.000000      0.000000      0.000000  7.920286E-19
 19      714.0000      187.1910      37.00000      0.000000      0.000000      0.000000      0.000000      0.000000   2.961558E-18  2.036675E-18       1.454114      0.000000      0.000000      0.000000      0.000000      0.000000      0.000000  8.250743E-19
 20      714.0000      187.1910      39.00000      0.000000      0.000000      0.000000      0.000000      0.000000   3.243073E-18  2.167267E-18       1.496388      0.000000      0.000000      0.000000      0.000000      0.000000      0.000000  8.091544E-19
 21      714.0000      187.1910      41.00000      0.000000      0.000000      0.000000      0.000000      0.000000   3.514498E-18  2.138144E-18       1.643715      0.000000      0.000000      0.000000      0.000000      0.000000      0.000000  8.330397E-19
 22      714.0000      187.1910      43.00000      0.000000      0.000000      0.000000      0.000000      0.000000   3.736622E-18  2.147542E-18       1.739953      0.000000      0.000000      0.000000      0.000000      0.000000      0.000000  8.845110E-19
 23      714.0000      187.1910      45.00000      0.000000      0.000000      0.000000      0.000000      0.000000   3.719458E-18  2.243027E-18       1.658232      0.000000      0.000000      0.000000      0.000000      0.000000      0.000000  9.312062E-19
 24      714.0000      187.1910      47.00000      0.000000      0.000000      0.000000      0.000000      0.000000   3.956849E-18  2.091383E-18       1.891977      0.000000      0.000000      0.000000      0.000000      0.000000      0.000000  9.340610E-19
 25      714.0000      187.1910      49.00000      0.000000      0.000000      0.000000      0.000000      0.000000   4.125281E-18  2.411281E-18       1.710826      0.000000      0.000000      0.000000      0.000000      0.000000      0.000000  9.923880E-19
 26      714.0000      187.1910      51.00000      0.000000      0.000000      0.000000      0.000000      0.000000   4.033636E-18  2.557076E-18       1.577441      0.000000      0.000000      0.000000      0.000000      0.000000      0.000000  1.032978E-18
 27      714.0000      187.1910      53.00000      0.000000      0.000000      0.000000      0.000000      0.000000   4.268375E-18  2.442127E-18       1.747810      0.000000      0.000000      0.000000      0.000000      0.000000      0.000000  1.038530E-18
 28      714.0000      187.1910      55.00000      0.000000      0.000000      0.000000      0.000000      0.000000   4.411575E-18  2.439130E-18       1.808668      0.000000      0.000000      0.000000      0.000000      0.000000      0.000000  1.037916E-18
 29      714.0000      187.1910      57.00000      0.000000      0.000000      0.000000      0.000000      0.000000   3.763487E-18  2.410959E-18       1.560992      0.000000      0.000000      0.000000      0.000000      0.000000      0.000000  1.042362E-18
 30      714.0000      187.1910      59.00000      0.000000      0.000000      0.000000      0.000000      0.000000   3.902910E-18  2.596513E-18       1.503135      0.000000      0.000000      0.000000      0.000000      0.000000      0.000000  1.135324E-18
 31      714.0000      187.1910      61.00000      0.000000      0.000000      0.000000      0.000000      0.000000   4.016658E-18  2.568678E-18       1.563706      0.000000      0.000000      0.000000      0.000000      0.000000      0.000000  1.139733E-18
 32      714.0000      187.1910      63.00000      0.000000      0.000000      0.000000      0.000000      0.000000   3.780819E-18  2.577958E-18       1.466595      0.000000      0.000000      0.000000      0.000000      0.000000      0.000000  1.139442E-18
 33      714.0000      187.1910      65.00000      0.000000      0.000000      0.000000      0.000000      0.000000   4.681786E-18  2.739820E-18       1.708793      0.000000      0.000000      0.000000      0.000000      0.000000      0.000000  1.219105E-18
 34      714.0000      187.1910      67.00000      0.000000      0.000000      0.000000      0.000000      0.000000   3.191208E-18  2.261455E-18       1.411131      0.000000      0.000000      0.000000      0.000000      0.000000      0.000000  1.223030E-18
 35      714.0000      187.1910      69.00000      0.000000      0.000000      0.000000      0.000000      0.000000   4.034923E-18  2.751935E-18       1.466213      0.000000      0.000000      0.000000      0.000000      0.000000      0.000000  1.329463E-18
 36      714.0000      187.1910      71.00000      0.000000      0.000000      0.000000      0.000000      0.000000   2.696100E-18  2.412326E-18       1.117635      0.000000      0.000000      0.000000      0.000000      0.000000      0.000000  1.262876E-18
 37      714.0000      187.1910      73.00000      0.000000      0.000000      0.000000      0.000000      0.000000   4.153568E-18  2.941314E-18       1.412147      0.000000      0.000000      0.000000      0.000000      0.000000      0.000000  1.288744E-18
 38      714.0000      187.1910      75.00000      0.000000      0.000000      0.000000      0.000000      0.000000   4.023918E-18  2.819440E-18       1.427205      0.000000      0.000000      0.000000      0.000000      0.000000      0.000000  1.243810E-18
 39      714.0000      187.1910      77.00000      0.000000      0.000000      0.000000      0.000000      0.000000   4.607008E-18  2.872433E-18       1.603870      0.000000      0.000000      0.000000      0.000000      0.000000      0.000000  1.301937E-18
 40      714.0000      187.1910      79.00000      0.000000      0.000000      0.000000      0.000000      0.000000   4.654623E-18  3.050653E-18       1.525780      0.000000      0.000000      0.000000      0.000000      0.000000      0.000000  1.318083E-18
 41      714.0000      187.1910      81.00000      0.000000      0.000000      0.000000      0.000000      0.000000   3.856281E-18  2.526250E-18       1.526484      0.000000      0.000000      0.000000      0.000000      0.000000      0.000000  1.278467E-18
 42      714.0000      187.1910      83.00000      0.000000      0.000000      0.000000      0.000000      0.000000   4.071861E-18  2.765910E-18       1.472160      0.000000      0.000000      0.000000      0.000000      0.000000      0.000000  1.283084E-18
 43      714.0000      187.1910      85.00000      0.000000      0.000000      0.000000      0.000000      0.000000   4.482542E-18  3.112999E-18       1.439943      0.000000      0.000000      0.000000      0.000000      0.000000      0.000000  1.355486E-18
 44      714.0000      187.1910      87.00000      0.000000      0.000000      0.000000      0.000000      0.000000   4.630468E-18  2.828153E-18       1.637277      0.000000      0.000000      0.000000      0.000000      0.000000      0.000000  1.407731E-18
 45      714.0000      187.1910      89.00000      0.000000      0.000000      0.000000      0.000000      0.000000   4.668411E-18  3.197209E-18       1.460152      0.000000      0.000000      0.000000      0.000000      0.000000      0.000000  1.309836E-18
 46      714.0000      187.1910      91.00000      0.000000      0.000000      0.000000      0.000000      0.000000   5.150809E-18  3.041182E-18       1.693687      0.000000      0.000000      0.000000      0.000000      0.000000      0.000000  1.439466E-18
 47      714.0000      187.1910      93.00000      0.000000      0.000000      0.000000      0.000000      0.000000   4.447504E-18  3.156233E-18       1.409118      0.000000      0.000000      0.000000      0.000000      0.000000      0.000000  1.307942E-18
 48      714.0000      187.1910      95.00000      0.000000      0.000000      0.000000      0.000000      0.000000   4.438366E-18  3.040379E-18       1.459807      0.000000      0.000000      0.000000      0.000000      0.000000      0.000000  1.377919E-18
 49      714.0000      187.1910      97.00000      0.000000      0.000000      0.000000      0.000000      0.000000   4.247050E-18  3.007990E-18       1.411923      0.000000      0.000000      0.000000      0.000000      0.000000      0.000000  1.344394E-18
 50      714.0000      187.1910      99.00000      0.000000      0.000000      0.000000      0.000000      0.000000   4.335823E-18  3.147958E-18       1.377345      0.000000      0.000000      0.000000      0.000000      0.000000      0.000000  1.336777E-18
 51      714.0000      187.1910      101.0000      0.000000      0.000000      0.000000      0.000000      0.000000   3.597986E-18  3.023390E-18       1.190051      0.000000      0.000000      0.000000      0.000000      0.000000      0.000000  1.319324E-18
 52      714.0000      187.1910      103.0000      0.000000      0.000000      0.000000      0.000000      0.000000   4.893390E-18  3.052028E-18       1.603324      0.000000      0.000000      0.000000      0.000000      0.000000      0.000000  1.406074E-18
 53      714.0000      187.1910      105.0000      0.000000      0.000000      0.000000      0.000000      0.000000   4.527847E-18  3.073453E-18       1.473212      0.000000      0.000000      0.000000      0.000000      0.000000      0.000000  1.406128E-18
 54      714.0000      187.1910      107.0000      0.000000      0.000000      0.000000      0.000000      0.000000   5.133293E-18  3.720015E-18       1.379912      0.000000      0.000000      0.000000      0.000000      0.000000      0.000000  1.464833E-18
 55      714.0000      187.1910      109.0000      0.000000      0.000000      0.000000      0.000000      0.000000   4.022692E-18  3.453012E-18       1.164981      0.000000      0.000000      0.000000      0.000000      0.000000      0.000000  1.421162E-18
 56      714.0000      187.1910      111.0000      0.000000      0.000000      0.000000      0.000000      0.000000   4.364630E-19  4.454204E-18     0.09798900      0.000000      0.000000      0.000000      0.000000      0.000000      0.000000  1.778236E-18
 57      714.0000      187.1910      113.0000      0.000000      0.000000      0.000000      0.000000      0.000000   3.493886E-18  3.172174E-18       1.101417      0.000000      0.000000      0.000000      0.000000      0.000000      0.000000  1.435768E-18
 58      714.0000      187.1910      115.0000      0.000000      0.000000      0.000000      0.000000      0.000000   2.570695E-18  3.364457E-18      0.7640743      0.000000      0.000000      0.000000      0.000000      0.000000      0.000000  1.472378E-18
 59      714.0000      187.1910      117.0000      0.000000      0.000000      0.000000      0.000000      0.000000   3.572022E-18  3.067137E-18       1.164611      0.000000      0.000000      0.000000      0.000000      0.000000      0.000000  1.493538E-18
 60      714.0000      187.1910      119.0000      0.000000      0.000000      0.000000      0.000000      0.000000   3.091034E-18  2.659204E-18       1.162391      0.000000      0.000000      0.000000      0.000000      0.000000      0.000000  1.512275E-18
 61      714.0000      187.1910      121.0000      0.000000      0.000000      0.000000      0.000000      0.000000   3.655004E-18  3.132706E-18       1.166724      0.000000      0.000000      0.000000      0.000000      0.000000      0.000000  1.571374E-18
 62      714.0000      187.1910      123.0000      0.000000      0.000000      0.000000      0.000000      0.000000   4.548303E-18  3.309981E-18       1.374118      0.000000      0.000000      0.000000      0.000000      0.000000      0.000000  1.592747E-18
 63      714.0000      187.1910      125.0000      0.000000      0.000000      0.000000      0.000000      0.000000   4.137957E-18  3.283732E-18       1.260139      0.000000      0.000000      0.000000      0.000000      0.000000      0.000000  1.585443E-18
 64      714.0000      187.1910      127.0000      0.000000      0.000000      0.000000      0.000000      0.000000   4.782487E-18  3.023972E-18       1.581525      0.000000      0.000000      0.000000      0.000000      0.000000      0.000000  1.583500E-18
 65      714.0000      187.1910      129.0000      0.000000      0.000000      0.000000      0.000000      0.000000   5.360546E-19  5.172811E-18      0.1036293      0.000000      0.000000      0.000000      0.000000      0.000000      0.000000  1.905518E-18
 66      714.0000      187.1910      131.0000      0.000000      0.000000      0.000000      0.000000      0.000000   4.121748E-18  3.336497E-18       1.235352      0.000000      0.000000      0.000000      0.000000      0.000000      0.000000  1.541755E-18
 67      714.0000      187.1910      133.0000      0.000000      0.000000      0.000000      0.000000      0.000000   3.444755E-18  3.260064E-18       1.056653      0.000000      0.000000      0.000000      0.000000      0.000000      0.000000  1.533059E-18
 68      714.0000      187.1910      135.0000      0.000000      0.000000      0.000000      0.000000      0.000000   3.984553E-18  3.024860E-18       1.317268      0.000000      0.000000      0.000000      0.000000      0.000000      0.000000  1.587102E-18
 69      714.0000      187.1910      137.0000      0.000000      0.000000      0.000000      0.000000      0.000000   3.373436E-18  3.317164E-18       1.016964      0.000000      0.000000      0.000000      0.000000      0.000000      0.000000  1.568155E-18
 70      714.0000      187.1910      139.0000      0.000000      0.000000      0.000000      0.000000      0.000000   3.601486E-18  3.242843E-18       1.110595      0.000000      0.000000      0.000000      0.000000      0.000000      0.000000  1.577082E-18
 71      714.0000      187.1910      141.0000      0.000000      0.000000      0.000000      0.000000      0.000000   3.136869E-18  3.551847E-18      0.8831657      0.000000      0.000000      0.000000      0.000000      0.000000      0.000000  1.592944E-18
 72      714.0000      187.1910      143.0000      0.000000      0.000000      0.000000      0.000000      0.000000   2.929344E-18  3.623976E-18      0.8083232      0.000000      0.000000      0.000000      0.000000      0.000000      0.000000  1.600379E-18
 73      714.0000      187.1910      145.0000      0.000000      0.000000      0.000000      0.000000      0.000000  -1.030564E-18  4.465653E-18     -0.2307757      0.000000      0.000000      0.000000      0.000000      0.000000      0.000000  2.078252E-18
 74      714.0000      187.1910      147.0000      0.000000      0.000000      0.000000      0.000000      0.000000   2.052727E-18  3.165370E-18      0.6484951      0.000000      0.000000      0.000000      0.000000      0.000000      0.000000  1.638812E-18
 75      714.0000      187.1910      149.0000      0.000000      0.000000      0.000000      0.000000      0.000000   6.082085E-18  4.256318E-18       1.428955      0.000000      0.000000      0.000000      0.000000      0.000000      0.000000  1.826039E-18
 76      714.0000      187.1910      151.0000      0.000000      0.000000      0.000000      0.000000      0.000000   1.914220E-18  3.580787E-18      0.5345808      0.000000      0.000000      0.000000      0.000000      0.000000      0.000000  1.629373E-18
 77      714.0000      187.1910      153.0000      0.000000      0.000000      0.000000      0.000000      0.000000   2.723854E-18  3.525824E-18      0.7725440      0.000000      0.000000      0.000000      0.000000      0.000000      0.000000  1.613991E-18
 78      714.0000      187.1910      155.0000      0.000000      0.000000      0.000000      0.000000      0.000000   2.366300E-18  3.541419E-18      0.6681785      0.000000      0.000000      0.000000      0.000000      0.000000      0.000000  1.605339E-18
 79      714.0000      187.1910      157.0000      0.000000      0.000000      0.000000      0.000000      0.000000   2.404218E-18  2.999799E-18      0.8014595      0.000000      0.000000      0.000000      0.000000      0.000000      0.000000  1.607849E-18
 80      714.0000      187.1910      159.0000      0.000000      0.000000      0.000000      0.000000      0.000000   3.007430E-18  3.620760E-18      0.8306074      0.000000      0.000000      0.000000      0.000000      0.000000      0.000000  1.594114E-18
 81      714.0000      187.1910      161.0000      0.000000      0.000000      0.000000      0.000000      0.000000   5.363998E-18  4.035488E-18       1.329207      0.000000      0.000000      0.000000      0.000000      0.000000      0.000000  1.734073E-18
 82      714.0000      187.1910      163.0000      0.000000      0.000000      0.000000      0.000000      0.000000   1.666735E-18  3.088862E-18      0.5395950      0.000000      0.000000      0.000000      0.000000      0.000000      0.000000  1.660691E-18
 83      714.0000      187.1910      165.0000      0.000000      0.000000      0.000000      0.000000      0.000000   2.882396E-18  3.831603E-18      0.7522691      0.000000      0.000000      0.000000      0.000000      0.000000      0.000000  1.627930E-18
 84      714.0000      187.1910      167.0000      0.000000      0.000000      0.000000      0.000000      0.000000   4.494939E-18  3.269154E-18       1.374955      0.000000      0.000000      0.000000      0.000000      0.000000      0.000000  1.654908E-18
 85      714.0000      187.1910      169.0000      0.000000      0.000000      0.000000      0.000000      0.000000   3.735807E-18  3.440638E-18       1.085789      0.000000      0.000000      0.000000      0.000000      0.000000      0.000000  1.628876E-18
 86      714.0000      187.1910      171.0000      0.000000      0.000000      0.000000      0.000000      0.000000   1.140409E-18  4.197847E-18      0.2716653      0.000000      0.000000      0.000000      0.000000      0.000000      0.000000  1.699218E-18
 87      714.0000      187.1910      173.0000      0.000000      0.000000      0.000000      0.000000      0.000000   3.025046E-18  3.334944E-18      0.9070756      0.000000      0.000000      0.000000      0.000000      0.000000      0.000000  1.626947E-18
 88      714.0000      187.1910      175.0000      0.000000      0.000000      0.000000      0.000000      0.000000   3.888223E-18  3.734290E-18       1.041221      0.000000      0.000000      0.000000      0.000000      0.000000      0.000000  1.613052E-18
 89      714.0000      187.1910      177.0000      0.000000      0.000000      0.000000      0.000000      0.000000   3.148671E-18  3.637761E-18      0.8655520      0.000000      0.000000      0.000000      0.000000      0.000000      0.000000  1.631175E-18
 90      714.0000      187.1910      179.0000      0.000000      0.000000      0.000000      0.000000      0.000000   2.909613E-18  3.499976E-18      0.8313236      0.000000      0.000000      0.000000      0.000000      0.000000      0.000000  1.654292E-18
 91      714.0000      187.1910      181.0000      0.000000      0.000000      0.000000      0.000000      0.000000   4.156355E-18  3.136775E-18       1.325041      0.000000      0.000000      0.000000      0.000000      0.000000      0.000000  1.697127E-18
 92      714.0000      187.1910      183.0000      0.000000      0.000000      0.000000      0.000000      0.000000   3.938188E-18  3.228965E-18       1.219644      0.000000      0.000000      0.000000      0.000000      0.000000      0.000000  1.689532E-18
 93      714.0000      187.1910      185.0000      0.000000      0.000000      0.000000      0.000000      0.000000   4.816477E-18  4.564088E-18       1.055299      0.000000      0.000000      0.000000      0.000000      0.000000      0.000000  1.957921E-18
 94      714.0000      187.1910      187.0000      0.000000      0.000000      0.000000      0.000000      0.000000   1.631168E-18  3.033847E-18      0.5376568      0.000000      0.000000      0.000000      0.000000      0.000000      0.000000  1.821663E-18
 95      714.0000      187.1910      189.0000      0.000000      0.000000      0.000000      0.000000      0.000000   1.845895E-18  3.773996E-18      0.4891089      0.000000      0.000000      0.000000      0.000000      0.000000      0.000000  1.789427E-18
 96      714.0000      187.1910      191.0000      0.000000      0.000000      0.000000      0.000000      0.000000   4.285098E-18  3.645056E-18       1.175592      0.000000      0.000000      0.000000      0.000000      0.000000      0.000000  1.872067E-18
 97      714.0000      187.1910      193.0000      0.000000      0.000000      0.000000      0.000000      0.000000   2.018583E-18  5.515902E-18      0.3659570      0.000000      0.000000      0.000000      0.000000      0.000000      0.000000  1.862478E-18
 98      714.0000      187.1910      195.0000      0.000000      0.000000      0.000000      0.000000      0.000000   2.578078E-18  3.125502E-18      0.8248525      0.000000      0.000000      0.000000      0.000000      0.000000      0.000000  1.880909E-18
 99      714.0000      187.1910      197.0000      0.000000      0.000000      0.000000      0.000000      0.000000   8.132617E-19  2.924247E-18      0.2781098      0.000000      0.000000      0.000000      0.000000      0.000000      0.000000  2.023025E-18
100      714.0000      187.1910      199.0000      0.000000      0.000000      0.000000      0.000000      0.000000   9.141724E-19  3.165386E-18      0.2888029      0.000000      0.000000      0.000000      0.000000      0.000000      0.000000  2.001408E-18
101      714.0000      187.1910      201.0000      0.000000      0.000000      0.000000      0.000000      0.000000   3.294243E-18  3.104455E-18       1.061134      0.000000      0.000000      0.000000      0.000000      0.000000      0.000000  1.996941E-18
102      714.0000      187.1910      203.0000      0.000000      0.000000      0.000000      0.000000      0.000000   2.672508E-18  3.647120E-18      0.7327722      0.000000      0.000000      0.000000      0.000000      0.000000      0.000000  2.014341E-18
103      714.0000      187.1910      205.0000      0.000000      0.000000      0.000000      0.000000      0.000000   2.316590E-18  3.368878E-18      0.6876445      0.000000      0.000000      0.000000      0.000000      0.000000      0.000000  2.044328E-18
104      714.0000      187.1910      207.0000      0.000000      0.000000      0.000000      0.000000      0.000000   2.171837E-18  3.432516E-18      0.6327244      0.000000      0.000000      0.000000      0.000000      0.000000      0.000000  2.088915E-18
105      714.0000      187.1910      209.0000      0.000000      0.000000      0.000000      0.000000      0.000000   2.566542E-18  3.248596E-18      0.7900466      0.000000      0.000000      0.000000      0.000000      0.000000      0.000000  2.115098E-18
106      714.0000      187.1910      211.0000      0.000000      0.000000      0.000000      0.000000      0.000000   3.612061E-18  3.644256E-18      0.9911656      0.000000      0.000000      0.000000      0.000000      0.000000      0.000000  2.143588E-18
107      714.0000      187.1910      213.0000      0.000000      0.000000      0.000000      0.000000      0.000000   3.607583E-18  3.598227E-18       1.002600      0.000000      0.000000      0.000000      0.000000      0.000000      0.000000  2.264683E-18
108      714.0000      187.1910      215.0000      0.000000      0.000000      0.000000      0.000000      0.000000   3.152356E-18  3.192631E-18      0.9873852      0.000000      0.000000      0.000000      0.000000      0.000000      0.000000  2.146848E-18
109      714.0000      187.1910      217.0000      0.000000      0.000000      0.000000      0.000000      0.000000   3.169846E-18  3.278244E-18      0.9669340      0.000000      0.000000      0.000000      0.000000      0.000000      0.000000  2.154685E-18
110      714.0000      187.1910      219.0000      0.000000      0.000000      0.000000      0.000000      0.000000  -7.489460E-19  2.939709E-18     -0.2547688      0.000000      0.000000      0.000000      0.000000      0.000000      0.000000  2.386930E-18
111      714.0000      187.1910      221.0000      0.000000      0.000000      0.000000      0.000000      0.000000   2.408586E-18  3.502715E-18      0.6876340      0.000000      0.000000      0.000000      0.000000      0.000000      0.000000  2.170516E-18
112      714.0000      187.1910      223.0000      0.000000      0.000000      0.000000      0.000000      0.000000   2.371902E-18  3.260771E-18      0.7274053      0.000000      0.000000      0.000000      0.000000      0.000000      0.000000  2.180701E-18
113      714.0000      187.1910      225.0000      0.000000      0.000000      0.000000      0.000000      0.000000   1.405826E-18  3.817312E-18      0.3682764      0.000000      0.000000      0.000000      0.000000      0.000000      0.000000  2.208492E-18
114      714.0000      187.1910      227.0000      0.000000      0.000000      0.000000      0.000000      0.000000   1.976553E-18  3.580205E-18      0.5520782      0.000000      0.000000      0.000000      0.000000      0.000000      0.000000  2.196090E-18
115      714.0000      187.1910      229.0000      0.000000      0.000000      0.000000      0.000000      0.000000   1.485063E-18  3.229759E-18      0.4598062      0.000000      0.000000      0.000000      0.000000      0.000000      0.000000  2.188127E-18
116      714.0000      187.1910      231.0000      0.000000      0.000000      0.000000      0.000000      0.000000   1.433109E-18  3.554665E-18      0.4031628      0.000000      0.000000      0.000000      0.000000      0.000000      0.000000  2.297565E-18
117      714.0000      187.1910      233.0000      0.000000      0.000000      0.000000      0.000000      0.000000   3.292775E-19  3.558106E-18     0.09254290      0.000000      0.000000      0.000000      0.000000      0.000000      0.000000  2.353602E-18
118      714.0000      187.1910      235.0000      0.000000      0.000000      0.000000      0.000000      0.000000   3.525594E-19  3.605325E-18     0.09778853      0.000000      0.000000      0.000000      0.000000      0.000000      0.000000  2.398216E-18
119      714.0000      187.1910      237.0000      0.000000      0.000000      0.000000      0.000000      0.000000  -5.185940E-19  3.677983E-18     -0.1409996      0.000000      0.000000      0.000000      0.000000      0.000000      0.000000  2.463925E-18
120      714.0000      187.1910      239.0000      0.000000      0.000000      0.000000      0.000000      0.000000   1.641096E-18  3.300787E-18      0.4971834      0.000000      0.000000      0.000000      0.000000      0.000000      0.000000  2.364459E-18
121      714.0000      187.1910      241.0000      0.000000      0.000000      0.000000      0.000000      0.000000   1.009098E-18  3.591192E-18      0.2809925      0.000000      0.000000      0.000000      0.000000      0.000000      0.000000  2.427552E-18
122      714.0000      187.1910      243.0000      0.000000      0.000000      0.000000      0.000000      0.000000  -2.560552E-19  3.648884E-18    -0.07017357      0.000000      0.000000      0.000000      0.000000      0.000000      0.000000  2.486966E-18
123      714.0000      187.1910      245.0000      0.000000      0.000000      0.000000      0.000000      0.000000  -1.181455E-19  3.563378E-18    -0.03315548      0.000000      0.000000      0.000000      0.000000      0.000000      0.000000  2.452195E-18
124      714.0000      187.1910      247.0000      0.000000      0.000000      0.000000      0.000000      0.000000   2.277583E-18  3.198832E-18      0.7120047      0.000000      0.000000      0.000000      0.000000      0.000000      0.000000  2.352866E-18
125      714.0000      187.1910      249.0000      0.000000      0.000000      0.000000      0.000000      0.000000   6.504991E-19  3.423587E-18      0.1900052      0.000000      0.000000      0.000000      0.000000      0.000000      0.000000  2.453612E-18
126      714.0000      187.1910      251.0000      0.000000      0.000000      0.000000      0.000000      0.000000  -6.949351E-19  3.904989E-18     -0.1779609      0.000000      0.000000      0.000000      0.000000      0.000000      0.000000  2.812801E-18
127      714.0000      187.1910      253.0000      0.000000      0.000000      0.000000      0.000000      0.000000   1.354281E-18  3.613298E-18      0.3748048      0.000000      0.000000      0.000000      0.000000      0.000000      0.000000  2.479122E-18
128      714.0000      187.1910      255.0000      0.000000      0.000000      0.000000      0.000000      0.000000   8.601579E-19  3.569474E-18      0.2409761      0.000000      0.000000      0.000000      0.000000      0.000000      0.000000  2.550012E-18
129      714.0000      187.1910      257.0000      0.000000      0.000000      0.000000      0.000000      0.000000  -8.534986E-19  3.825399E-18     -0.2231136      0.000000      0.000000      0.000000      0.000000      0.000000      0.000000  2.711465E-18
130      714.0000      187.1910      259.0000      0.000000      0.000000      0.000000      0.000000      0.000000  -1.767485E-18  4.451986E-18     -0.3970106      0.000000      0.000000      0.000000      0.000000      0.000000      0.000000  3.107815E-18
131      714.0000      187.1910      261.0000      0.000000      0.000000      0.000000      0.000000      0.000000  -1.868004E-18  3.734412E-18     -0.5002136      0.000000      0.000000      0.000000      0.000000      0.000000      0.000000  2.894558E-18
132      714.0000      187.1910      263.0000      0.000000      0.000000      0.000000      0.000000      0.000000  -1.572846E-18  3.795429E-18     -0.4144054      0.000000      0.000000      0.000000      0.000000      0.000000      0.000000  2.830707E-18
133      714.0000      187.1910      265.0000      0.000000      0.000000      0.000000      0.000000      0.000000   1.987396E-19  3.531049E-18     0.05628344      0.000000      0.000000      0.000000      0.000000      0.000000      0.000000  2.705507E-18
134      714.0000      187.1910      267.0000      0.000000      0.000000      0.000000      0.000000      0.000000  -6.545580E-19  3.987021E-18     -0.1641722      0.000000      0.000000      0.000000      0.000000      0.000000      0.000000  2.787704E-18
135      714.0000      187.1910      269.0000      0.000000      0.000000      0.000000      0.000000      0.000000  -1.384965E-18  3.976602E-18     -0.3482784      0.000000      0.000000      0.000000      0.000000      0.000000      0.000000  2.972295E-18
136      714.0000      187.1910      271.0000      0.000000      0.000000      0.000000      0.000000      0.000000  -1.184100E-18  3.695800E-18     -0.3203908      0.000000      0.000000      0.000000      0.000000      0.000000      0.000000  2.886263E-18
137      714.0000      187.1910      273.0000      0.000000      0.000000      0.000000      0.000000      0.000000  -1.110478E-18  3.928525E-18     -0.2826704      0.000000      0.000000      0.000000      0.000000      0.000000      0.000000  2.945333E-18
138      714.0000      187.1910      275.0000      0.000000      0.000000      0.000000      0.000000      0.000000  -2.716664E-18  4.553812E-18     -0.5965693      0.000000      0.000000      0.000000      0.000000      0.000000      0.000000  3.325518E-18
139      714.0000      187.1910      277.0000      0.000000      0.000000      0.000000      0.000000      0.000000  -1.137269E-18  3.915355E-18     -0.2904638      0.000000      0.000000      0.000000      0.000000      0.000000      0.000000  2.982956E-18
140      714.0000      187.1910      279.0000      0.000000      0.000000      0.000000      0.000000      0.000000   3.891738E-19  3.465311E-18      0.1123056      0.000000      0.000000      0.000000      0.000000      0.000000      0.000000  2.876039E-18
141      714.0000      187.1910      281.0000      0.000000      0.000000      0.000000      0.000000      0.000000   1.946224E-19  3.824179E-18     0.05089259      0.000000      0.000000      0.000000      0.000000      0.000000      0.000000  2.960712E-18
