 AP       XCENTER       YCENTER        APSIZE       PIXPEAK          WAVE       WAVEERR             Z          ZERR        SIGNAL         NOISE         RATIO      BBEWREST   BBEWRESTERR       WAVEFIT    WAVEFITERR          FWHM       FWHMERR          FLIM
--- ------------- ------------- ------------- ------------- ------------- ------------- ------------- ------------- ------------- ------------- ------------- ------------- ------------- ------------- ------------- ------------- ------------- -------------
  1      714.0000      187.1910      1.000000      174.0000      3249.500     0.9242091      1.673011  0.0007602467  1.147750E-17  1.221366E-18      9.397265      6.766777     0.8586710      3248.886     0.4957834      12.19640     0.9853553  5.635673E-19
  2      714.0000      187.1910      3.000000      174.0000      3249.479     0.9682413      1.672995  0.0007964672  1.873848E-17  2.237607E-18      8.374339      11.04769      1.524332      3248.678     0.5980901      11.49676      1.547112  8.434590E-19
  3      714.0000      187.1910      5.000000      173.0000      3249.311     0.6192266      1.672856  0.0005093706  3.389345E-17  2.323255E-18      14.58878      19.98369      1.945407      3248.751     0.3283866      12.49927     0.9790654  1.031297E-18
  4      714.0000      187.1910      7.000000      173.0000      3249.130     0.6454592      1.672707  0.0005309493  4.369818E-17  2.851080E-18      15.32689      25.76603      2.449173      3248.658     0.3043999      12.31298      1.054105  1.063446E-18
  5      714.0000      187.1910      9.000000      173.0000      3248.906     0.5526245      1.672523  0.0004545843  4.677889E-17  2.799887E-18      16.70742      27.58442      2.522264      3248.314     0.3048860      11.67929     0.7104035  1.151357E-18
  6      714.0000      187.1910      11.00000      173.0000      3248.833     0.7024807      1.672463  0.0005778547  5.928014E-17  3.790558E-18      15.63890      34.95691      3.291739      3248.424     0.3121057      11.80226     0.7285467  1.230779E-18
  7      714.0000      187.1910      13.00000      173.0000      3248.914     0.5264885      1.672529  0.0004330850  7.598674E-17  3.898309E-18      19.49223      44.80751      3.857192      3248.415     0.2903180      12.35639     0.7510844  1.370993E-18
  8      714.0000      187.1910      15.00000      173.0000      3248.971     0.3909540      1.672576  0.0003215955  8.905894E-17  3.942829E-18      22.58757      52.51494      4.310854      3248.350     0.2218387      12.17329     0.5827006  1.526597E-18
  9      714.0000      187.1910      17.00000      173.0000      3248.803     0.4032719      1.672439  0.0003317281  9.816485E-17  4.056955E-18      24.19668      57.88735      4.662159      3248.310     0.1872113      12.12767     0.4970868  1.643434E-18
 10      714.0000      187.1910      19.00000      173.0000      3248.798     0.5812036      1.672434  0.0004780932  1.016894E-16  5.144781E-18      19.76555      59.96588      5.136841      3248.244     0.2267341      11.80424     0.6092101  1.671535E-18
 11      714.0000      187.1910      21.00000      173.0000      3248.842     0.3812179      1.672470  0.0003135867  1.161761E-16  4.943874E-18      23.49900      68.50771      5.561110      3248.227     0.2345518      11.80932     0.5296801  1.678509E-18
 12      714.0000      187.1910      23.00000      173.0000      3248.708     0.3480260      1.672360  0.0002862833  1.212693E-16  4.853715E-18      24.98485      71.51405      5.712351      3248.196     0.1864098      11.66332     0.4298088  1.638408E-18
 13      714.0000      187.1910      25.00000      173.0000      3248.814     0.4141013      1.672447  0.0003406363  1.351209E-16  5.279937E-18      25.59139      79.67993      6.327083      3248.242     0.1968660      11.68793     0.4686035  1.815968E-18
 14      714.0000      187.1910      27.00000      173.0000      3248.762     0.3463709      1.672405  0.0002849218  1.370461E-16  5.204357E-18      26.33295      80.81645      6.374038      3248.232     0.1828681      11.50515     0.5208078  1.843965E-18
 15      714.0000      187.1910      29.00000      173.0000      3248.784     0.3078318      1.672422  0.0002532199  1.554860E-16  5.946770E-18      26.14629      91.68993      7.243636      3248.312     0.1776708      11.73054     0.4531139  2.100181E-18
 16      714.0000      187.1910      31.00000      173.0000      3248.775     0.3583075      1.672415  0.0002947408  1.666627E-16  5.976310E-18      27.88722      98.28105      7.653496      3248.397     0.1741757      11.94964     0.4773887  2.201976E-18
 17      714.0000      187.1910      33.00000      173.0000      3248.783     0.3143128      1.672422  0.0002585510  1.709299E-16  5.922426E-18      28.86146      100.7972      7.794006      3248.377     0.1758491      11.81389     0.3811341  2.267088E-18
 18      714.0000      187.1910      35.00000      173.0000      3248.783     0.3056329      1.672422  0.0002514111  1.813500E-16  6.401400E-18      28.32975      106.9419      8.300536      3248.396     0.1654736      11.81785     0.4329698  2.315582E-18
 19      714.0000      187.1910      37.00000      173.0000      3248.762     0.3433442      1.672405  0.0002824320  1.869966E-16  6.688370E-18      27.95847      110.2724      8.582672      3248.446     0.1776803      11.67885     0.4096818  2.441771E-18
 20      714.0000      187.1910      39.00000      173.0000      3248.899     0.2953651      1.672517  0.0002429649  1.941738E-16  7.221444E-18      26.88850      114.5000      8.987770      3248.508     0.1801207      11.67614     0.4781880  2.726775E-18
 21      714.0000      187.1910      41.00000      173.0000      3248.939     0.3753649      1.672550  0.0003087720  2.044397E-16  7.182887E-18      28.46206      120.5521      9.347942      3248.603     0.1879256      11.85117     0.4103095  2.968140E-18
 22      714.0000      187.1910      43.00000      173.0000      3248.889     0.2859599      1.672509  0.0002352282  2.078208E-16  7.135878E-18      29.12337      122.5478      9.458792      3248.625     0.1691630      11.65283     0.4254304  2.939062E-18
 23      714.0000      187.1910      45.00000      173.0000      3248.965     0.2559414      1.672571  0.0002105352  2.146429E-16  7.374507E-18      29.10607      126.5676      9.770214      3248.688     0.1550851      11.68629     0.3884149  3.082411E-18
 24      714.0000      187.1910      47.00000      173.0000      3248.988     0.3444657      1.672590  0.0002833546  2.037790E-16  6.966051E-18      29.25316      120.1607      9.266420      3248.648     0.1712411      11.34767     0.3532311  2.993539E-18
 25      714.0000      187.1910      49.00000      173.0000      3249.067     0.3781636      1.672655  0.0003110743  2.227699E-16  7.933551E-18      28.07947      131.3557      10.21433      3248.745     0.1728099      11.58046     0.3804176  3.313369E-18
 26      714.0000      187.1910      51.00000      173.0000      3249.043     0.3423824      1.672635  0.0002816409  2.339676E-16  8.441173E-18      27.71742      137.9594      10.75738      3248.762     0.1790849      11.65693     0.4332564  3.623878E-18
 27      714.0000      187.1910      53.00000      173.0000      3249.072     0.3039372      1.672659  0.0002500162  2.298232E-16  8.023106E-18      28.64517      135.5145      10.49441      3248.798     0.1504851      11.54350     0.4245493  3.555634E-18
 28      714.0000      187.1910      55.00000      173.0000      3248.994     0.2791022      1.672596  0.0002295871  2.367557E-16  8.089433E-18      29.26728      139.6055      10.76492      3248.822     0.1539736      11.54271     0.3452741  3.697839E-18
 29      714.0000      187.1910      57.00000      173.0000      3249.043     0.2752491      1.672636  0.0002264176  2.277374E-16  7.984825E-18      28.52128      134.2858      10.40845      3248.750     0.1534069      11.38002     0.4241733  3.647497E-18
 30      714.0000      187.1910      59.00000      173.0000      3249.007     0.3039370      1.672606  0.0002500160  2.461145E-16  8.493359E-18      28.97729      145.1235      11.21249      3248.850     0.1503783      11.65076     0.3964860  4.034458E-18
 31      714.0000      187.1910      61.00000      173.0000      3248.990     0.3340954      1.672592  0.0002748241  2.397469E-16  8.367131E-18      28.65342      141.3695      10.94719      3248.825     0.1536902      11.55364     0.3941888  3.901900E-18
 32      714.0000      187.1910      63.00000      173.0000      3249.059     0.2825956      1.672649  0.0002324608  2.365423E-16  8.446796E-18      28.00379      139.4769      10.85199      3248.817     0.1478859      11.45949     0.3811363  3.856715E-18
 33      714.0000      187.1910      65.00000      173.0000      3249.016     0.3024148      1.672614  0.0002487639  2.467010E-16  8.880877E-18      27.77890      145.4689      11.33756      3248.844     0.1557279      11.52366     0.4196019  4.092694E-18
 34      714.0000      187.1910      67.00000      173.0000      3248.971     0.2968867      1.672576  0.0002442165  2.317713E-16  7.343398E-18      31.56187      136.6674      10.39240      3248.758     0.1311456      11.28868     0.3260912  3.947411E-18
 35      714.0000      187.1910      69.00000      173.0000      3249.046     0.3199906      1.672638  0.0002632216  2.554997E-16  8.693189E-18      29.39079      150.6557      11.60743      3248.838     0.1583095      11.67536     0.3844145  4.235036E-18
 36      714.0000      187.1910      71.00000      173.0000      3249.000     0.2804756      1.672600  0.0002307168  2.234821E-16  7.757260E-18      28.80941      131.7784      10.19329      3248.751     0.1398450      11.18902     0.3494789  3.970171E-18
 37      714.0000      187.1910      73.00000      173.0000      3249.009     0.3133298      1.672607  0.0002577424  2.575938E-16  9.227444E-18      27.91605      151.8923      11.82580      3248.864     0.1811027      11.59391     0.3952880  4.106707E-18
 38      714.0000      187.1910      75.00000      173.0000      3249.034     0.3385871      1.672628  0.0002785189  2.501708E-16  8.851345E-18      28.26359      147.5141      11.45518      3248.850     0.1601369      11.50712     0.4438252  3.980543E-18
 39      714.0000      187.1910      77.00000      173.0000      3249.148     0.3491375      1.672722  0.0002871976  2.604868E-16  8.975200E-18      29.02295      153.5916      11.86302      3248.860     0.1720863      11.69767     0.3863536  4.281475E-18
 40      714.0000      187.1910      79.00000      173.0000      3248.996     0.3531188      1.672597  0.0002904726  2.575227E-16  9.529408E-18      27.02400      151.8509      11.90627      3248.854     0.1828767      11.68579     0.4224199  4.435520E-18
 41      714.0000      187.1910      81.00000      173.0000      3249.016     0.1516346      1.672613  0.0001247333  2.383103E-16  8.040786E-18      29.63769      140.5213      10.80908      3248.804     0.1333689      11.38689     0.3313431  4.418634E-18
 42      714.0000      187.1910      83.00000      173.0000      3249.106     0.2754821      1.672688  0.0002266093  2.481071E-16  8.806389E-18      28.17353      146.2940      11.36798      3248.857     0.1487885      11.52396     0.4158982  4.627397E-18
 43      714.0000      187.1910      85.00000      173.0000      3249.075     0.4073365      1.672662  0.0003350716  2.617948E-16  9.920774E-18      26.38854      154.3663      12.16901      3248.895     0.1747599      11.61113     0.4589237  5.029558E-18
 44      714.0000      187.1910      87.00000      173.0000      3249.114     0.2631299      1.672694  0.0002164485  2.674316E-16  9.131505E-18      29.28669      157.6881      12.15768      3248.912     0.1340659      11.61830     0.3934723  5.342656E-18
 45      714.0000      187.1910      89.00000      173.0000      3249.101     0.3701697      1.672683  0.0003044985  2.485182E-16  1.020506E-17      24.35244      146.5366      11.78201      3248.817     0.1648190      11.35961     0.5781115  5.076170E-18
 46      714.0000      187.1910      91.00000      173.0000      3249.113     0.2999540      1.672693  0.0002467397  2.713840E-16  9.981006E-18      27.19005      160.0186      12.52965      3248.919     0.1486010      11.70354     0.3878854  5.874076E-18
 47      714.0000      187.1910      93.00000      173.0000      3249.073     0.2720391      1.672660  0.0002237771  2.449131E-16  1.012850E-17      24.18058      144.4122      11.63277      3248.804     0.1705693      11.23795     0.4079481  5.131654E-18
 48      714.0000      187.1910      95.00000      173.0000      3249.147     0.3265574      1.672721  0.0002686234  2.555731E-16  9.707966E-18      26.32612      150.6943      11.88606      3248.873     0.1559324      11.38462     0.4135140  5.253910E-18
 49      714.0000      187.1910      97.00000      173.0000      3249.062     0.2933521      1.672651  0.0002413090  2.461871E-16  9.565504E-18      25.73697      145.1638      11.51116      3248.769     0.1560772      11.28568     0.4178589  5.077258E-18
 50      714.0000      187.1910      99.00000      173.0000      3249.083     0.3495550      1.672669  0.0002875410  2.444447E-16  9.883306E-18      24.73309      144.1355      11.54269      3248.801     0.1521297      11.10636     0.4265449  4.935465E-18
 51      714.0000      187.1910      101.0000      173.0000      3249.051     0.3139199      1.672642  0.0002582279  2.272866E-16  9.454342E-18      24.04045      134.0197      10.81225      3248.737     0.1535031      10.91426     0.4186645  4.700169E-18
 52      714.0000      187.1910      103.0000      173.0000      3249.090     0.3227163      1.672674  0.0002654637  2.548595E-16  9.711686E-18      26.24256      150.2762      11.86184      3248.856     0.1589158      11.23047     0.4058214  5.414094E-18
 53      714.0000      187.1910      105.0000      173.0000      3249.078     0.3470706      1.672665  0.0002854974  2.498761E-16  9.722119E-18      25.70182      147.3383      11.68743      3248.815     0.1580795      11.08984     0.3953484  5.272541E-18
 54      714.0000      187.1910      107.0000      173.0000      3249.163     0.3716672      1.672734  0.0003057303  2.619542E-16  1.169309E-17      22.40247      154.4561      12.70958      3248.854     0.1807134      11.24170     0.4894292  5.790427E-18
 55      714.0000      187.1910      109.0000      173.0000      3248.997     0.3997459      1.672598  0.0003288276  2.354495E-16  1.078267E-17      21.83592      138.8352      11.51222      3248.790     0.1914637      10.95027     0.5272363  5.045688E-18
 56      714.0000      187.1910      111.0000      173.0000      3248.572     0.9121831      1.672248  0.0007503542  1.478828E-16  1.478256E-17      10.00387      87.21203      10.59930      3248.521     0.3407803      9.347592     0.9009356  6.617868E-18
 57      714.0000      187.1910      113.0000      173.0000      3249.065     0.4408971      1.672653  0.0003626783  2.428181E-16  1.027334E-17      23.63576      143.1772      11.60396      3248.821     0.1852755      11.00667     0.4345645  5.442170E-18
 58      714.0000      187.1910      115.0000      173.0000      3248.960     0.4101273      1.672567  0.0003373672  2.195433E-16  1.092115E-17      20.10258      129.4574      11.02518      3248.739     0.2069377      10.70360     0.5041620  5.263190E-18
 59      714.0000      187.1910      117.0000      173.0000      3249.026     0.3658808      1.672622  0.0003009705  2.384387E-16  1.009417E-17      23.62144      140.5966      11.39669      3248.805     0.1723388      10.92422     0.4710608  5.680146E-18
 60      714.0000      187.1910      119.0000      173.0000      3248.920     0.3125836      1.672535  0.0002571286  2.354826E-16  8.756928E-18      26.89101      138.8580      10.89954      3248.777     0.1164086      10.89018     0.3296532  5.569845E-18
 61      714.0000      187.1910      121.0000      173.0000      3248.982     0.3559501      1.672585  0.0002928015  2.417389E-16  1.003324E-17      24.09380      142.5445      11.49325      3248.837     0.1936989      10.91290     0.4353261  5.760595E-18
 62      714.0000      187.1910      123.0000      173.0000      3249.007     0.3313832      1.672606  0.0002725930  2.424650E-16  1.039638E-17      23.32205      142.9715      11.62997      3248.830     0.1613144      10.88091     0.4385687  5.725819E-18
 63      714.0000      187.1910      125.0000      173.0000      3249.075     0.3543000      1.672662  0.0002914442  2.353686E-16  1.022643E-17      23.01571      138.7842      11.33131      3248.825     0.1840635      10.83847     0.3795799  5.440951E-18
 64      714.0000      187.1910      127.0000      173.0000      3248.997     0.3366624      1.672598  0.0002769356  2.387422E-16  9.600442E-18      24.86783      140.7768      11.25818      3248.830     0.1551813      10.91992     0.3991389  5.668046E-18
 65      714.0000      187.1910      129.0000      173.0000      3248.799     0.9011327      1.672435  0.0007412642  1.501873E-16  1.648219E-17      9.112097      88.56486      11.48691      3248.492     0.4011514      9.013967     0.9175641  6.356968E-18
 66      714.0000      187.1910      131.0000      173.0000      3248.980     0.3961305      1.672584  0.0003258536  2.322793E-16  1.041188E-17      22.30907      136.9666      11.28434      3248.816     0.1435199      10.80625     0.4112134  5.523149E-18
 67      714.0000      187.1910      133.0000      173.0000      3249.044     0.3274902      1.672636  0.0002693907  2.261202E-16  1.008045E-17      22.43156      133.3322      10.96719      3248.781     0.1670738      10.67381     0.3867392  5.284271E-18
 68      714.0000      187.1910      135.0000      173.0000      3249.070     0.3504270      1.672657  0.0002882583  2.382450E-16  9.650108E-18      24.68832      140.4804      11.25519      3248.823     0.1444052      10.79971     0.3705984  5.955856E-18
 69      714.0000      187.1910      137.0000      173.0000      3249.059     0.3777082      1.672649  0.0003106996  2.274496E-16  1.029662E-17      22.08973      134.1154      11.08203      3248.780     0.1873543      10.73178     0.4150524  5.585430E-18
 70      714.0000      187.1910      139.0000      173.0000      3249.063     0.3722437      1.672652  0.0003062045  2.300841E-16  1.011327E-17      22.75072      135.6687      11.11362      3248.801     0.1525533      10.68595     0.3685958  5.686482E-18
 71      714.0000      187.1910      141.0000      173.0000      3248.912     0.5012317      1.672528  0.0004123090  2.178383E-16  1.084748E-17      20.08192      128.4539      10.94356      3248.725     0.1642412      10.46992     0.4770174  5.428615E-18
 72      714.0000      187.1910      143.0000      173.0000      3249.062     0.5499407      1.672652  0.0004523766  2.085445E-16  1.103966E-17      18.89047      122.9679      10.70650      3248.733     0.2122012      10.32454     0.5105240  5.333888E-18
 73      714.0000      187.1910      145.0000      173.0000      3248.338     0.7284398      1.672056  0.0005992085  1.302954E-16  1.394635E-17      9.342615      76.84558      9.791478      3248.412     0.3222817      8.641419     0.7013515  6.824194E-18
 74      714.0000      187.1910      147.0000      173.0000      3248.963     0.4399415      1.672570  0.0003618922  2.055698E-16  9.628842E-18      21.34938      121.2176      10.12178      3248.647     0.1773250      10.34191     0.4479534  5.191179E-18
 75      714.0000      187.1910      149.0000      173.0000      3249.197     0.3998266      1.672762  0.0003288941  2.721117E-16  1.391394E-17      19.55677      160.4436      13.79539      3248.942     0.2260351      11.30612     0.5089796  8.236418E-18
 76      714.0000      187.1910      151.0000      173.0000      3249.021     0.5055227      1.672617  0.0004158387  2.178405E-16  1.103975E-17      19.73237      128.4509      11.00992      3248.677     0.1834107      10.55145     0.5237039  5.417809E-18
 77      714.0000      187.1910      153.0000      173.0000      3249.061     0.3832367      1.672650  0.0003152473  2.272225E-16  1.116632E-17      20.34892      133.9814      11.36353      3248.703     0.1838598      10.76490     0.4756072  5.961593E-18
 78      714.0000      187.1910      155.0000      173.0000      3248.865     0.4625841      1.672489  0.0003805178  2.168738E-16  1.108020E-17      19.57310      127.8870      10.99285      3248.645     0.2037983      10.54385     0.4701011  5.655526E-18
 79      714.0000      187.1910      157.0000      173.0000      3248.895     0.2870221      1.672514  0.0002361020  2.149192E-16  9.470954E-18      22.69246      126.7333      10.38934      3248.658     0.1535186      10.49849     0.4082529  5.584971E-18
 80      714.0000      187.1910      159.0000      173.0000      3248.929     0.4364899      1.672542  0.0003590529  2.279702E-16  1.150070E-17      19.82229      134.4278      11.50396      3248.757     0.1977391      10.67456     0.4549002  6.198770E-18
 81      714.0000      187.1910      161.0000      173.0000      3249.121     0.3404017      1.672700  0.0002800116  2.615793E-16  1.324041E-17      19.75614      154.2370      13.21456      3248.883     0.2068963      11.19995     0.5483953  7.881064E-18
 82      714.0000      187.1910      163.0000      173.0000      3248.758     0.3739692      1.672401  0.0003076239  1.998123E-16  9.555567E-18      20.91057      117.8301      9.904355      3248.612     0.1852626      10.17616     0.4062749  5.467014E-18
 83      714.0000      187.1910      165.0000      173.0000      3248.853     0.5102241      1.672479  0.0004197061  2.162921E-16  1.189736E-17      18.17983      127.5445      11.26739      3248.718     0.2243438      10.43161     0.6409652  5.966142E-18
 84      714.0000      187.1910      167.0000      173.0000      3249.090     0.3376756      1.672674  0.0002777691  2.414695E-16  1.087631E-17      22.20142      142.3809      11.74728      3248.809     0.1698167      10.82223     0.4161472  6.980722E-18
 85      714.0000      187.1910      169.0000      173.0000      3249.065     0.4408971      1.672653  0.0003626783  2.317362E-16  1.120917E-17      20.67381      136.6428      11.52842      3248.802     0.1894313      10.65406     0.4545709  6.632563E-18
 86      714.0000      187.1910      171.0000      173.0000      3248.916     0.6126680      1.672531  0.0005039755  1.956207E-16  1.293000E-17      15.12922      115.3526      11.03250      3248.647     0.2570273      10.01524     0.7721514  5.437383E-18
 87      714.0000      187.1910      173.0000      173.0000      3249.098     0.4026476      1.672681  0.0003312146  2.155663E-16  1.068903E-17      20.16706      127.1069      10.81320      3248.749     0.2051288      10.31393     0.5439214  6.105705E-18
 88      714.0000      187.1910      175.0000      173.0000      3249.106     0.4773776      1.672688  0.0003926868  2.353299E-16  1.239456E-17      18.98655      138.7600      12.05892      3248.831     0.2052640      10.74325     0.4461534  7.082207E-18
 89      714.0000      187.1910      177.0000      173.0000      3249.194     0.4504563      1.672760  0.0003705416  2.367554E-16  1.214260E-17      19.49791      139.5968      12.01575      3248.826     0.1811863      10.82293     0.4543865  7.080753E-18
 90      714.0000      187.1910      179.0000      173.0000      3249.117     0.4048851      1.672697  0.0003330551  2.358394E-16  1.171566E-17      20.13026      139.0600      11.83742      3248.878     0.1764663      10.70161     0.4703699  7.176994E-18
 91      714.0000      187.1910      181.0000      173.0000      3249.245     0.3106346      1.672801  0.0002555255  2.464875E-16  1.118951E-17      22.02844      145.3328      12.01897      3248.878     0.1463467      10.86496     0.3390803  7.974102E-18
 92      714.0000      187.1910      183.0000      173.0000      3249.252     0.4033084      1.672807  0.0003317581  2.415604E-16  1.147914E-17      21.04342      142.4274      11.94750      3248.846     0.1517161      10.81369     0.3783522  7.856077E-18
 93      714.0000      187.1910      185.0000      173.0000      3249.221     0.5166462      1.672782  0.0004249888  2.717330E-16  1.554768E-17      17.47740      160.2191      14.37711      3249.017     0.2427713      11.22547     0.5671821  9.753887E-18
 94      714.0000      187.1910      187.0000      173.0000      3249.019     0.3969992      1.672616  0.0003265682  1.896683E-16  1.028726E-17      18.43719      111.8391      9.826720      3248.617     0.1904093      10.03890     0.3971801  6.745951E-18
 95      714.0000      187.1910      189.0000      173.0000      3249.054     0.6264525      1.672645  0.0005153146  2.033489E-16  1.253161E-17      16.22688      119.9046      11.10412      3248.683     0.2279332      10.25719     0.6047589  6.932539E-18
 96      714.0000      187.1910      191.0000      173.0000      3249.244     0.3794222      1.672801  0.0003121095  2.503763E-16  1.270769E-17      19.70274      147.6257      12.66010      3248.917     0.1542706      10.93710     0.4256995  8.675093E-18
 97      714.0000      187.1910      193.0000      173.0000      3248.979     0.7462797      1.672583  0.0006138834  2.111894E-16  1.774439E-17      11.90176      124.5307      13.54926      3248.671     0.3229965      10.46839      1.074102  7.176235E-18
 98      714.0000      187.1910      195.0000      173.0000      3249.186     0.3402395      1.672753  0.0002798782  2.149353E-16  1.072424E-17      20.04202      126.7314      10.80416      3248.728     0.1525775      10.39805     0.4289525  7.420947E-18
 99      714.0000      187.1910      197.0000      173.0000      3249.064     0.3358222      1.672653  0.0002762445  1.929563E-16  9.825295E-18      19.63873      113.7763      9.768389      3248.593     0.1597652      10.11922     0.4081795  7.150638E-18
100      714.0000      187.1910      199.0000      173.0000      3249.100     0.4385232      1.672683  0.0003607255  1.969019E-16  1.060797E-17      18.56169      116.1015      10.17522      3248.627     0.1893870      10.05408     0.4158665  7.221993E-18
101      714.0000      187.1910      201.0000      173.0000      3249.301     0.3200175      1.672848  0.0002632437  2.384477E-16  1.098600E-17      21.70469      140.5900      11.67927      3248.851     0.1319098      10.80742     0.3478352  8.364941E-18
102      714.0000      187.1910      203.0000      173.0000      3249.260     0.4132536      1.672814  0.0003399390  2.241121E-16  1.217802E-17      18.40300      132.1393      11.61862      3248.815     0.1714799      10.50874     0.4802622  7.895205E-18
103      714.0000      187.1910      205.0000      173.0000      3249.296     0.3370498      1.672844  0.0002772543  2.248256E-16  1.141092E-17      19.70267      132.5585      11.36798      3248.807     0.1543197      10.44398     0.3742331  7.944578E-18
104      714.0000      187.1910      207.0000      173.0000      3249.235     0.3854655      1.672793  0.0003170807  2.158471E-16  1.135778E-17      19.00434      127.2672      11.05633      3248.739     0.1759192      10.27106     0.4423850  7.607552E-18
105      714.0000      187.1910      209.0000      173.0000      3249.314     0.3812862      1.672858  0.0003136428  2.169468E-16  1.095665E-17      19.80047      127.9124      10.95059      3248.784     0.1495842      10.24932     0.3211102  7.879279E-18
106      714.0000      187.1910      211.0000      174.0000      3249.390     0.4009481      1.672921  0.0003298166  2.252811E-16  1.217186E-17      18.50835      132.8232      11.65341      3248.833     0.1777289      10.37026     0.4457545  8.196632E-18
107      714.0000      187.1910      213.0000      174.0000      3249.463     0.3579941      1.672981  0.0002944829  2.494599E-16  1.242582E-17      20.07592      147.0755      12.53129      3248.938     0.1608580      10.72912     0.3381189  9.259069E-18
108      714.0000      187.1910      215.0000      173.0000      3249.355     0.3303622      1.672892  0.0002717532  2.169481E-16  1.094335E-17      19.82465      127.9116      10.94587      3248.815     0.1530433      10.21999     0.3679852  8.113694E-18
109      714.0000      187.1910      217.0000      173.0000      3249.293     0.3652082      1.672841  0.0003004172  2.155242E-16  1.131835E-17      19.04201      127.0745      11.03159      3248.799     0.1627875      10.20181     0.4294566  8.141750E-18
110      714.0000      187.1910      219.0000      173.0000      3249.062     0.3602544      1.672651  0.0002963423  1.668587E-16  1.035020E-17      16.12131      98.38795      9.137974      3248.521     0.1311679      9.193645     0.3570443  8.539090E-18
111      714.0000      187.1910      221.0000      174.0000      3249.392     0.5115237      1.672923  0.0004207751  2.108133E-16  1.216413E-17      17.33073      124.2931      11.19180      3248.784     0.1871191      10.20208     0.4827188  8.372450E-18
112      714.0000      187.1910      223.0000      174.0000      3249.496     0.3208984      1.673008  0.0002639684  2.317395E-16  1.181682E-17      19.61099      136.6266      11.73607      3248.874     0.1549902      10.48473     0.3519483  8.987710E-18
113      714.0000      187.1910      225.0000      173.0000      3249.261     0.5603153      1.672815  0.0004609107  1.953049E-16  1.347946E-17      14.48907      115.1541      11.24854      3248.729     0.2063549      9.857657     0.6459145  8.555691E-18
114      714.0000      187.1910      227.0000      174.0000      3249.391     0.5619723      1.672921  0.0004622737  1.971493E-16  1.277777E-17      15.42909      116.2370      11.01442      3248.668     0.1975672      9.834843     0.5643072  8.567282E-18
115      714.0000      187.1910      229.0000      174.0000      3249.435     0.3020124      1.672958  0.0002484328  2.060977E-16  1.171493E-17      17.59273      121.5112      10.87469      3248.743     0.1706758      10.05666     0.4203542  8.600109E-18
116      714.0000      187.1910      231.0000      174.0000      3249.422     0.4100978      1.672947  0.0003373430  1.918460E-16  1.242671E-17      15.43820      113.1091      10.71507      3248.665     0.1973427      9.656878     0.5935560  8.357539E-18
117      714.0000      187.1910      233.0000      174.0000      3249.399     0.4661882      1.672929  0.0003834825  1.869157E-16  1.231070E-17      15.18318      110.2031      10.52211      3248.709     0.1910711      9.645661     0.4992549  8.280406E-18
118      714.0000      187.1910      235.0000      174.0000      3249.422     0.5411286      1.672948  0.0004451278  1.866765E-16  1.241984E-17      15.03051      110.0613      10.55950      3248.681     0.1752489      9.642166     0.5144892  8.337587E-18
119      714.0000      187.1910      237.0000      174.0000      3249.367     0.5171800      1.672902  0.0004254279  1.858553E-16  1.287630E-17      14.43391      109.5790      10.72439      3248.658     0.1900440      9.589264     0.5365964  8.711593E-18
120      714.0000      187.1910      239.0000      174.0000      3249.430     0.3504270      1.672954  0.0002882583  2.042582E-16  1.164347E-17      17.54271      120.4268      10.79005      3248.757     0.1381460      9.936114     0.3765265  8.594942E-18
121      714.0000      187.1910      241.0000      174.0000      3249.491     0.4299505      1.673004  0.0003536737  1.962739E-16  1.258638E-17      15.59415      115.7173      10.91102      3248.758     0.2011632      9.682158     0.5238380  8.649544E-18
122      714.0000      187.1910      243.0000      174.0000      3249.591     0.4915734      1.673086  0.0004043642  1.895673E-16  1.283683E-17      14.76745      111.7599      10.81473      3248.732     0.2037219      9.513026     0.4854181  8.804517E-18
123      714.0000      187.1910      245.0000      174.0000      3249.562     0.4502378      1.673062  0.0003703618  1.927752E-16  1.263765E-17      15.25403      113.6521      10.82747      3248.734     0.1971964      9.567764     0.5149795  8.804644E-18
124      714.0000      187.1910      247.0000      174.0000      3249.520     0.3524621      1.673028  0.0002899323  2.094018E-16  1.144866E-17      18.29051      123.4561      10.88068      3248.874     0.1443635      9.834769     0.3935030  8.585265E-18
125      714.0000      187.1910      249.0000      174.0000      3249.484     0.4023869      1.672998  0.0003310001  1.959332E-16  1.222214E-17      16.03101      115.5167      10.75584      3248.744     0.1595836      9.615002     0.4608083  8.795381E-18
126      714.0000      187.1910      251.0000      174.0000      3249.412     0.5480290      1.672939  0.0004508041  1.649551E-16  1.409569E-17      11.70252      97.25501      10.68940      3248.543     0.2206055      8.884524     0.5836896  1.020420E-17
127      714.0000      187.1910      253.0000      174.0000      3249.582     0.3596910      1.673079  0.0002958788  1.992259E-16  1.300563E-17      15.31844      117.4544      11.16746      3248.811     0.1804741      9.635866     0.4273697  8.960299E-18
128      714.0000      187.1910      255.0000      174.0000      3249.491     0.3963727      1.673004  0.0003260529  2.017906E-16  1.286062E-17      15.69058      118.9698      11.18587      3248.854     0.1814083      9.651136     0.4815014  9.110957E-18
129      714.0000      187.1910      257.0000      174.0000      3249.546     0.5204574      1.673049  0.0004281240  1.948379E-16  1.363937E-17      14.28496      114.8687      11.30098      3248.819     0.2150508      9.517960     0.4167258  9.396092E-18
130      714.0000      187.1910      259.0000      174.0000      3249.723     0.6707527      1.673195  0.0005517555  1.664042E-16  1.613044E-17      10.31616      98.09999      11.67962      3248.605     0.2810752      8.856036     0.6681125  1.076063E-17
131      714.0000      187.1910      261.0000      174.0000      3249.544     0.4759122      1.673048  0.0003914814  1.841893E-16  1.346916E-17      13.67489      108.5908      10.92726      3248.707     0.1916710      9.261204     0.4537823  1.001263E-17
132      714.0000      187.1910      263.0000      174.0000      3249.578     0.5411286      1.673075  0.0004451278  1.971681E-16  1.396890E-17      14.11478      116.2414      11.50604      3248.775     0.1998170      9.654316     0.5510917  9.864513E-18
133      714.0000      187.1910      265.0000      174.0000      3249.616     0.5328812      1.673107  0.0004383436  2.144631E-16  1.312315E-17      16.34235      126.4363      11.67243      3248.912     0.1681003      9.868760     0.4610178  9.569572E-18
134      714.0000      187.1910      267.0000      174.0000      3249.714     0.5997853      1.673188  0.0004933783  2.132947E-16  1.499223E-17      14.22701      125.7436      12.39641      3248.908     0.2332682      9.809307     0.5397822  9.527788E-18
135      714.0000      187.1910      269.0000      174.0000      3249.612     0.5264358      1.673104  0.0004330417  2.060821E-16  1.483737E-17      13.88939      121.4954      12.12648      3248.828     0.2195282      9.735082     0.6151427  9.826260E-18
136      714.0000      187.1910      271.0000      174.0000      3249.707     0.4331733      1.673182  0.0003563247  2.174001E-16  1.353819E-17      16.05828      128.1642      11.92436      3248.944     0.1743065      9.883643     0.4421592  9.423969E-18
137      714.0000      187.1910      273.0000      174.0000      3249.711     0.5921371      1.673185  0.0004870870  2.167386E-16  1.459425E-17      14.85096      127.7741      12.33039      3248.929     0.2060145      9.904313     0.5690464  9.464424E-18
138      714.0000      187.1910      275.0000      174.0000      3249.564     0.7136696      1.673064  0.0005870587  1.984058E-16  1.710552E-17      11.59893      116.9716      12.92599      3248.832     0.3150684      9.472962     0.7416447  1.018186E-17
139      714.0000      187.1910      277.0000      174.0000      3249.708     0.4992273      1.673183  0.0004106602  2.236946E-16  1.446815E-17      15.46117      131.8749      12.48411      3248.965     0.2300229      10.03327     0.5124019  9.450330E-18
140      714.0000      187.1910      279.0000      174.0000      3249.667     0.2906127      1.673149  0.0002390556  2.450974E-16  1.266428E-17      19.35345      144.4944      12.47035      3249.066     0.1452085      10.22576     0.3287531  9.598993E-18
141      714.0000      187.1910      281.0000      174.0000      3249.674     0.3785288      1.673154  0.0003113746  2.617245E-16  1.422562E-17      18.39811      154.2964      13.56820      3249.106     0.1698195      10.40411     0.4346062  9.980917E-18
