                                                                                                                                                
                  
 1      729.0000      187.7520      5.000000      0.000000      0.000000      0.000000      0.000000      0.000000   5.393479E19  7.707835E19      0.6997398      0.000000      0.000000      0.000000      0.000000      0.000000      0.000000  2.767211E19
 2      729.0000      192.7520      5.000000      0.000000      0.000000      0.000000      0.000000      0.000000   6.131732E19  8.080122E19      0.7588663      0.000000      0.000000      0.000000      0.000000      0.000000      0.000000  2.933037E19
 3      729.0000      197.7520      5.000000      0.000000      0.000000      0.000000      0.000000      0.000000  3.710217E19  7.669403E19     0.4837688      0.000000      0.000000      0.000000      0.000000      0.000000      0.000000  3.556421E19
 4      729.0000      202.7520      5.000000      0.000000      0.000000      0.000000      0.000000      0.000000   8.266917E20  7.293377E19      0.1133483      0.000000      0.000000      0.000000      0.000000      0.000000      0.000000  2.340903E19
 5      729.0000      207.7520      5.000000      0.000000      0.000000      0.000000      0.000000      0.000000  1.765873E20  7.723267E19    0.02286432      0.000000      0.000000      0.000000      0.000000      0.000000      0.000000  2.895663E19
 6      729.0000      212.7520      5.000000      0.000000      0.000000      0.000000      0.000000      0.000000   3.990969E19  7.641915E19      0.5222473      0.000000      0.000000      0.000000      0.000000      0.000000      0.000000  2.765671E19
 7      729.0000      217.7520      5.000000      0.000000      0.000000      0.000000      0.000000      0.000000  2.684358E19  7.471304E19     0.3592890      0.000000      0.000000      0.000000      0.000000      0.000000      0.000000  2.806228E19
 8      729.0000      222.7520      5.000000      0.000000      0.000000      0.000000      0.000000      0.000000   2.580831E19  7.898072E19      0.3267672      0.000000      0.000000      0.000000      0.000000      0.000000      0.000000  2.899148E19
 9      729.0000      227.7520      5.000000      0.000000      0.000000      0.000000      0.000000      0.000000  1.259106E19  7.679985E19     0.1639464      0.000000      0.000000      0.000000      0.000000      0.000000      0.000000  2.626339E19
10      729.0000      232.7520      5.000000      0.000000      0.000000      0.000000      0.000000      0.000000   8.634412E19  7.561573E19       1.141880      0.000000      0.000000      0.000000      0.000000      0.000000      0.000000  2.273629E19
11      729.0000      237.7520      5.000000      0.000000      0.000000      0.000000      0.000000      0.000000  3.026402E20  7.532133E19    0.04017989      0.000000      0.000000      0.000000      0.000000      0.000000      0.000000  2.768335E19
12      729.0000      242.7520      5.000000      0.000000      0.000000      0.000000      0.000000      0.000000  2.744164E19  7.085064E19     0.3873168      0.000000      0.000000      0.000000      0.000000      0.000000      0.000000  2.620526E19
13      729.0000      247.7520      5.000000      0.000000      0.000000      0.000000      0.000000      0.000000   3.367104E19  7.999471E19      0.4209159      0.000000      0.000000      0.000000      0.000000      0.000000      0.000000  2.786040E19
14      729.0000      252.7520      5.000000      0.000000      0.000000      0.000000      0.000000      0.000000   1.386734E19  8.115101E19      0.1708832      0.000000      0.000000      0.000000      0.000000      0.000000      0.000000  2.780574E19
15      729.0000      257.7520      5.000000      0.000000      0.000000      0.000000      0.000000      0.000000   3.458461E19  8.024979E19      0.4309620      0.000000      0.000000      0.000000      0.000000      0.000000      0.000000  3.051680E19
16      729.0000      262.7520      5.000000      0.000000      0.000000      0.000000      0.000000      0.000000   1.616117E19  7.853212E19      0.2057906      0.000000      0.000000      0.000000      0.000000      0.000000      0.000000  2.922353E19
17      729.0000      267.7520      5.000000      0.000000      0.000000      0.000000      0.000000      0.000000  1.272716E20  8.245112E19    0.01543600      0.000000      0.000000      0.000000      0.000000      0.000000      0.000000  3.029914E19
18      729.0000      272.7520      5.000000      0.000000      0.000000      0.000000      0.000000      0.000000  2.747053E19  8.034421E19     0.3419105      0.000000      0.000000      0.000000      0.000000      0.000000      0.000000  2.669950E19
19      729.0000      277.7520      5.000000      0.000000      0.000000      0.000000      0.000000      0.000000   3.758252E19  7.908287E19      0.4752296      0.000000      0.000000      0.000000      0.000000      0.000000      0.000000  3.294838E19
20      729.0000      282.7520      5.000000      0.000000      0.000000      0.000000      0.000000      0.000000   1.012221E19  7.863114E19      0.1287303      0.000000      0.000000      0.000000      0.000000      0.000000      0.000000  2.773845E19
21      729.0000      287.7520      5.000000      0.000000      0.000000      0.000000      0.000000      0.000000   4.605938E19  7.550735E19      0.6099987      0.000000      0.000000      0.000000      0.000000      0.000000      0.000000  2.902932E19
22      729.0000      292.7520      5.000000      0.000000      0.000000      0.000000      0.000000      0.000000  2.622986E19  7.830596E19     0.3349663      0.000000      0.000000      0.000000      0.000000      0.000000      0.000000  3.093589E19
23      729.0000      297.7520      5.000000      0.000000      0.000000      0.000000      0.000000      0.000000  5.985989E19  8.604814E19     0.6956559      0.000000      0.000000      0.000000      0.000000      0.000000      0.000000  3.555541E19
24      729.0000      302.7520      5.000000      0.000000      0.000000      0.000000      0.000000      0.000000   7.160748E22  6.960725E19    0.001028736      0.000000      0.000000      0.000000      0.000000      0.000000      0.000000  2.724109E19
25      729.0000      307.7520      5.000000      0.000000      0.000000      0.000000      0.000000      0.000000   2.775684E19  7.647697E19      0.3629438      0.000000      0.000000      0.000000      0.000000      0.000000      0.000000  3.033861E19
26      729.0000      312.7520      5.000000      0.000000      0.000000      0.000000      0.000000      0.000000  2.288699E19  8.082589E19     0.2831642      0.000000      0.000000      0.000000      0.000000      0.000000      0.000000  3.024228E19
27      729.0000      317.7520      5.000000      0.000000      0.000000      0.000000      0.000000      0.000000  4.337609E20  7.598638E19    0.05708403      0.000000      0.000000      0.000000      0.000000      0.000000      0.000000  2.760371E19
28      729.0000      322.7520      5.000000      0.000000      0.000000      0.000000      0.000000      0.000000   1.433986E19  7.361797E19      0.1947875      0.000000      0.000000      0.000000      0.000000      0.000000      0.000000  2.937483E19
29      729.0000      327.7520      5.000000      0.000000      0.000000      0.000000      0.000000      0.000000   1.601042E19  8.576976E19      0.1866674      0.000000      0.000000      0.000000      0.000000      0.000000      0.000000  4.372416E19
