                                                                                                                                                 
                  
  1      714.0000      187.1910      1.000000      205.0000      3311.025      9.239793      1.670181   0.007451446  8.478429E19  2.032588E18     0.4171248      0.000000      0.000000      0.000000      0.000000      0.000000      0.000000  1.830188E18
  2      714.0000      187.1910      3.000000      202.0000      3305.501     0.4925971      1.665727  0.0003972557   1.815322E20  3.543126E18    0.005123503      0.000000      0.000000      0.000000      0.000000      0.000000      0.000000  3.078555E18
  3      714.0000      187.1910      5.000000      209.0000      3320.542      1.116203      1.677856  0.0009001641  7.091057E19  5.523821E18     0.1283723      0.000000      0.000000      0.000000      0.000000      0.000000      0.000000  5.230395E18
  4      714.0000      187.1910      7.000000      206.0000      3313.428      8.784892      1.672119   0.007084590  9.201422E19  7.143512E18     0.1288081      0.000000      0.000000      0.000000      0.000000      0.000000      0.000000  6.778782E18
  5      714.0000      187.1910      9.000000      204.0000      3310.488      4.230531      1.669748   0.003411718   3.176050E19  7.741329E18     0.04102720      0.000000      0.000000      0.000000      0.000000      0.000000      0.000000  7.446366E18
  6      714.0000      187.1910      11.00000      205.0000      3311.799      5.536563      1.670805   0.004464970  4.144264E19  9.799397E18    0.04229101      0.000000      0.000000      0.000000      0.000000      0.000000      0.000000  9.326902E18
  7      714.0000      187.1910      13.00000      206.0000      3314.614      5.892974      1.673076   0.004752398  1.690183E18  1.212386E17     0.1394096      0.000000      0.000000      0.000000      0.000000      0.000000      0.000000  1.174413E17
  8      714.0000      187.1910      15.00000      206.0000      3313.227     0.6870284      1.671957  0.0005540552  2.918846E18  1.420816E17     0.2054345      0.000000      0.000000      0.000000      0.000000      0.000000      0.000000  1.388080E17
  9      714.0000      187.1910      17.00000      207.0000      3315.493      7.836474      1.673784   0.006319738  2.495239E18  1.565794E17     0.1593593      0.000000      0.000000      0.000000      0.000000      0.000000      0.000000  1.535579E17
 10      714.0000      187.1910      19.00000      206.0000      3314.260      8.849732      1.672790   0.007136881  2.861463E18  1.663117E17     0.1720542      0.000000      0.000000      0.000000      0.000000      0.000000      0.000000  1.617421E17
 11      714.0000      187.1910      21.00000      205.0000      3311.301      14.13133      1.670404    0.01139623  3.490745E18  1.871031E17     0.1865680      0.000000      0.000000      0.000000      0.000000      0.000000      0.000000  1.833598E17
 12      714.0000      187.1910      23.00000      206.0000      3314.087      8.159424      1.672651   0.006580180  2.066284E18  1.977476E17     0.1044910      0.000000      0.000000      0.000000      0.000000      0.000000      0.000000  1.943370E17
 13      714.0000      187.1910      25.00000      206.0000      3312.983      11.47702      1.671760   0.009255663  1.627733E18  2.201009E17    0.07395394      0.000000      0.000000      0.000000      0.000000      0.000000      0.000000  2.165669E17
 14      714.0000      187.1910      27.00000      205.0000      3311.164      3.391435      1.670293   0.002735029  1.772415E18  2.248301E17    0.07883352      0.000000      0.000000      0.000000      0.000000      0.000000      0.000000  2.214433E17
 15      714.0000      187.1910      29.00000      206.0000      3313.727      7.453094      1.672361   0.006010560  1.626850E18  2.491666E17    0.06529164      0.000000      0.000000      0.000000      0.000000      0.000000      0.000000  2.453271E17
 16      714.0000      187.1910      31.00000      205.0000      3311.178      5.546498      1.670305   0.004472983  3.011105E18  2.653739E17     0.1134665      0.000000      0.000000      0.000000      0.000000      0.000000      0.000000  2.618211E17
 17      714.0000      187.1910      33.00000      206.0000      3313.385      8.769400      1.672085   0.007072097  3.443260E18  2.733240E17     0.1259772      0.000000      0.000000      0.000000      0.000000      0.000000      0.000000  2.700227E17
 18      714.0000      187.1910      35.00000      206.0000      3313.000      9.407919      1.671774   0.007587031  2.834510E18  2.881804E17    0.09835886      0.000000      0.000000      0.000000      0.000000      0.000000      0.000000  2.844220E17
 19      714.0000      187.1910      37.00000      204.0000      3310.467      10.46539      1.669731   0.008439834  2.371955E18  2.992501E17    0.07926330      0.000000      0.000000      0.000000      0.000000      0.000000      0.000000  2.953369E17
 20      714.0000      187.1910      39.00000      206.0000      3312.920      6.170569      1.671710   0.004976265  3.065682E18  3.098978E17    0.09892557      0.000000      0.000000      0.000000      0.000000      0.000000      0.000000  3.053961E17
 21      714.0000      187.1910      41.00000      206.0000      3313.743      8.696987      1.672374   0.007013700  3.168386E18  3.260827E17    0.09716511      0.000000      0.000000      0.000000      0.000000      0.000000      0.000000  3.219904E17
 22      714.0000      187.1910      43.00000      211.0000      3323.219     0.3978877      1.680016  0.0003208772  2.014329E18  3.331062E17    0.06047108      0.000000      0.000000      0.000000      0.000000      0.000000      0.000000  3.291740E17
 23      714.0000      187.1910      45.00000      208.0000      3317.174      2.297493      1.675140   0.001852817  3.825937E18  3.476530E17     0.1100505      0.000000      0.000000      0.000000      0.000000      0.000000      0.000000  3.436627E17
 24      714.0000      187.1910      47.00000      205.0000      3310.954      7.884583      1.670124   0.006358535  1.938643E18  3.327858E17    0.05825498      0.000000      0.000000      0.000000      0.000000      0.000000      0.000000  3.291510E17
 25      714.0000      187.1910      49.00000      206.0000      3314.069      11.22351      1.672637   0.009051215  6.919324E18  3.600697E17     0.1921662      0.000000      0.000000      0.000000      0.000000      0.000000      0.000000  3.556290E17
 26      714.0000      187.1910      51.00000      199.0000      3300.487     0.3106226      1.661683  0.0002505021  8.532944E18  3.767812E17     0.2264694      0.000000      0.000000      0.000000      0.000000      0.000000      0.000000  3.718588E17
 27      714.0000      187.1910      53.00000      206.0000      3313.784      8.273357      1.672406   0.006672062  6.902494E18  3.721535E17     0.1854744      0.000000      0.000000      0.000000      0.000000      0.000000      0.000000  3.677333E17
 28      714.0000      187.1910      55.00000      206.0000      3313.327      11.33807      1.672038   0.009143605  7.423703E18  3.810789E17     0.1948075      0.000000      0.000000      0.000000      0.000000      0.000000      0.000000  3.766525E17
 29      714.0000      187.1910      57.00000      204.0000      3310.419      6.718812      1.669693   0.005418397  5.463751E18  3.699552E17     0.1476868      0.000000      0.000000      0.000000      0.000000      0.000000      0.000000  3.655688E17
 30      714.0000      187.1910      59.00000      206.0000      3314.386      9.306796      1.672892   0.007505481  8.112310E18  3.945486E17     0.2056099      0.000000      0.000000      0.000000      0.000000      0.000000      0.000000  3.899330E17
 31      714.0000      187.1910      61.00000      206.0000      3312.752      5.298910      1.671574   0.004273314  6.000383E18  3.869161E17     0.1550823      0.000000      0.000000      0.000000      0.000000      0.000000      0.000000  3.822890E17
 32      714.0000      187.1910      63.00000      206.0000      3314.446      7.908418      1.672940   0.006377757  4.678240E18  3.832370E17     0.1220717      0.000000      0.000000      0.000000      0.000000      0.000000      0.000000  3.784815E17
 33      714.0000      187.1910      65.00000      206.0000      3314.292      9.437181      1.672816   0.007610629  5.136653E18  3.995562E17     0.1285590      0.000000      0.000000      0.000000      0.000000      0.000000      0.000000  3.944582E17
 34      714.0000      187.1910      67.00000      206.0000      3314.246      6.618201      1.672779   0.005337259  3.526376E18  3.747985E17    0.09408724      0.000000      0.000000      0.000000      0.000000      0.000000      0.000000  3.714256E17
 35      714.0000      187.1910      69.00000      206.0000      3314.546      8.599710      1.673021   0.006935250  6.562378E18  4.111297E17     0.1596182      0.000000      0.000000      0.000000      0.000000      0.000000      0.000000  4.064401E17
 36      714.0000      187.1910      71.00000      206.0000      3314.564      10.06821      1.673036   0.008119528  3.188141E18  3.640761E17    0.08756799      0.000000      0.000000      0.000000      0.000000      0.000000      0.000000  3.600461E17
 37      714.0000      187.1910      73.00000      206.0000      3312.990      9.086183      1.671767   0.007327566  5.456570E18  4.144686E17     0.1316522      0.000000      0.000000      0.000000      0.000000      0.000000      0.000000  4.090306E17
 38      714.0000      187.1910      75.00000      205.0000      3311.839      8.171432      1.670838   0.006589864  5.047206E18  4.034145E17     0.1251121      0.000000      0.000000      0.000000      0.000000      0.000000      0.000000  3.982708E17
 39      714.0000      187.1910      77.00000      206.0000      3314.500      10.32386      1.672983   0.008325692  6.488726E18  4.173532E17     0.1554732      0.000000      0.000000      0.000000      0.000000      0.000000      0.000000  4.124073E17
 40      714.0000      187.1910      79.00000      206.0000      3313.339      11.07962      1.672048   0.008935179  5.413207E18  4.160156E17     0.1301203      0.000000      0.000000      0.000000      0.000000      0.000000      0.000000  4.103418E17
 41      714.0000      187.1910      81.00000      200.0000      3302.503     0.5608407      1.663309  0.0004522909  3.556481E18  3.893579E17    0.09134221      0.000000      0.000000      0.000000      0.000000      0.000000      0.000000  3.854826E17
 42      714.0000      187.1910      83.00000      206.0000      3314.098      9.700724      1.672660   0.007823165  5.860749E18  4.024383E17     0.1456310      0.000000      0.000000      0.000000      0.000000      0.000000      0.000000  3.977017E17
 43      714.0000      187.1910      85.00000      206.0000      3312.940      10.32800      1.671726   0.008329036  6.882541E18  4.246982E17     0.1620572      0.000000      0.000000      0.000000      0.000000      0.000000      0.000000  4.188903E17
 44      714.0000      187.1910      87.00000      205.0000      3311.930      7.159178      1.670912   0.005773531  9.339643E18  4.314456E17     0.2164732      0.000000      0.000000      0.000000      0.000000      0.000000      0.000000  4.271936E17
 45      714.0000      187.1910      89.00000      207.0000      3314.969      7.676490      1.673362   0.006190718  7.634187E18  4.085509E17     0.1868601      0.000000      0.000000      0.000000      0.000000      0.000000      0.000000  4.021299E17
 46      714.0000      187.1910      91.00000      206.0000      3313.344      5.014428      1.672052   0.004043894  1.159343E17  4.390160E17     0.2640777      0.000000      0.000000      0.000000      0.000000      0.000000      0.000000  4.340146E17
 47      714.0000      187.1910      93.00000      206.0000      3312.714      8.652590      1.671544   0.006977895  8.856407E18  4.040457E17     0.2191932      0.000000      0.000000      0.000000      0.000000      0.000000      0.000000  3.975884E17
 48      714.0000      187.1910      95.00000      206.0000      3313.834      6.047637      1.672447   0.004877127  9.428544E18  4.187781E17     0.2251442      0.000000      0.000000      0.000000      0.000000      0.000000      0.000000  4.132345E17
 49      714.0000      187.1910      97.00000      205.0000      3312.081      9.890752      1.671033   0.007976413  7.995060E18  4.051961E17     0.1973134      0.000000      0.000000      0.000000      0.000000      0.000000      0.000000  3.995572E17
 50      714.0000      187.1910      99.00000      206.0000      3312.917      6.906201      1.671708   0.005569517  1.021230E17  4.034692E17     0.2531122      0.000000      0.000000      0.000000      0.000000      0.000000      0.000000  3.972531E17
 51      714.0000      187.1910      101.0000      206.0000      3313.812      10.33110      1.672429   0.008331530  6.359704E18  3.821884E17     0.1664023      0.000000      0.000000      0.000000      0.000000      0.000000      0.000000  3.761548E17
 52      714.0000      187.1910      103.0000      205.0000      3311.948      7.986979      1.670926   0.006441112  7.814527E18  4.216359E17     0.1853383      0.000000      0.000000      0.000000      0.000000      0.000000      0.000000  4.163406E17
 53      714.0000      187.1910      105.0000      203.0000      3307.516      1.070089      1.667351  0.0008629751  8.103227E18  4.154658E17     0.1950396      0.000000      0.000000      0.000000      0.000000      0.000000      0.000000  4.099072E17
 54      714.0000      187.1910      107.0000      205.0000      3311.888      6.528186      1.670877   0.005264666  9.500716E18  4.342847E17     0.2187670      0.000000      0.000000      0.000000      0.000000      0.000000      0.000000  4.260882E17
 55      714.0000      187.1910      109.0000      206.0000      3313.674      9.452456      1.672318   0.007622949  5.962587E18  3.956341E17     0.1507096      0.000000      0.000000      0.000000      0.000000      0.000000      0.000000  3.877991E17
 56      714.0000      187.1910      111.0000      206.0000      3314.126      6.012014      1.672682   0.004848399  4.714519E18  2.908880E17     0.1620733      0.000000      0.000000      0.000000      0.000000      0.000000      0.000000  2.704876E17
 57      714.0000      187.1910      113.0000      205.0000      3311.460      7.427649      1.670532   0.005990040  7.352863E18  4.043900E17     0.1818260      0.000000      0.000000      0.000000      0.000000      0.000000      0.000000  3.979627E17
 58      714.0000      187.1910      115.0000      203.0000      3308.323      8.010329      1.668003   0.006459943  8.681404E18  3.760174E17     0.2308777      0.000000      0.000000      0.000000      0.000000      0.000000      0.000000  3.678454E17
 59      714.0000      187.1910      117.0000      204.0000      3310.583      7.777311      1.669825   0.006272025  7.031749E18  4.001266E17     0.1757381      0.000000      0.000000      0.000000      0.000000      0.000000      0.000000  3.941967E17
 60      714.0000      187.1910      119.0000      205.0000      3311.420      6.263134      1.670500   0.005050915  8.205583E18  3.950138E17     0.2077290      0.000000      0.000000      0.000000      0.000000      0.000000      0.000000  3.910667E17
 61      714.0000      187.1910      121.0000      206.0000      3312.822      5.933077      1.671631   0.004784740  1.074326E17  4.085282E17     0.2629748      0.000000      0.000000      0.000000      0.000000      0.000000      0.000000  4.028164E17
 62      714.0000      187.1910      123.0000      205.0000      3312.566      6.351447      1.671424   0.005122135  1.163301E17  4.107968E17     0.2831817      0.000000      0.000000      0.000000      0.000000      0.000000      0.000000  4.045304E17
 63      714.0000      187.1910      125.0000      205.0000      3312.190      8.987772      1.671121   0.007248203  1.152850E17  3.990479E17     0.2889001      0.000000      0.000000      0.000000      0.000000      0.000000      0.000000  3.925799E17
 64      714.0000      187.1910      127.0000      204.0000      3310.536      7.055378      1.669787   0.005689821  1.189908E17  4.041115E17     0.2944503      0.000000      0.000000      0.000000      0.000000      0.000000      0.000000  3.989234E17
 65      714.0000      187.1910      129.0000      206.0000      3313.950      5.744843      1.672540   0.004632938  7.619145E18  3.037804E17     0.2508109      0.000000      0.000000      0.000000      0.000000      0.000000      0.000000  2.769255E17
 66      714.0000      187.1910      131.0000      205.0000      3311.522      7.977546      1.670582   0.006433505  1.184896E17  3.955285E17     0.2995728      0.000000      0.000000      0.000000      0.000000      0.000000      0.000000  3.884340E17
 67      714.0000      187.1910      133.0000      205.0000      3311.687      7.523334      1.670715   0.006067205  9.433729E18  3.837859E17     0.2458071      0.000000      0.000000      0.000000      0.000000      0.000000      0.000000  3.769564E17
 68      714.0000      187.1910      135.0000      205.0000      3312.407      7.147764      1.671296   0.005764326  1.118638E17  4.054887E17     0.2758741      0.000000      0.000000      0.000000      0.000000      0.000000      0.000000  4.003715E17
 69      714.0000      187.1910      137.0000      206.0000      3313.506      7.486710      1.672183   0.006037669  9.972675E18  3.877662E17     0.2571827      0.000000      0.000000      0.000000      0.000000      0.000000      0.000000  3.808987E17
 70      714.0000      187.1910      139.0000      205.0000      3312.331      9.916651      1.671234   0.007997299  1.056594E17  3.910288E17     0.2702088      0.000000      0.000000      0.000000      0.000000      0.000000      0.000000  3.847136E17
 71      714.0000      187.1910      141.0000      205.0000      3312.435      7.623435      1.671318   0.006147931  1.000953E17  3.778153E17     0.2649317      0.000000      0.000000      0.000000      0.000000      0.000000      0.000000  3.696443E17
 72      714.0000      187.1910      143.0000      206.0000      3312.755      5.749932      1.671577   0.004637042  9.413324E18  3.669829E17     0.2565058      0.000000      0.000000      0.000000      0.000000      0.000000      0.000000  3.581901E17
 73      714.0000      187.1910      145.0000      204.0000      3310.500     0.4680253      1.669758  0.0003774397  7.540995E18  2.677703E17     0.2816218      0.000000      0.000000      0.000000      0.000000      0.000000      0.000000  2.495579E17
 74      714.0000      187.1910      147.0000      205.0000      3311.742      8.045975      1.670760   0.006488689  1.019652E17  3.568418E17     0.2857433      0.000000      0.000000      0.000000      0.000000      0.000000      0.000000  3.507765E17
 75      714.0000      187.1910      149.0000      205.0000      3312.557      5.179039      1.671417   0.004176645  1.481660E17  4.575774E17     0.3238054      0.000000      0.000000      0.000000      0.000000      0.000000      0.000000  4.481620E17
 76      714.0000      187.1910      151.0000      205.0000      3311.456      7.226605      1.670529   0.005827907  1.156744E17  3.722337E17     0.3107575      0.000000      0.000000      0.000000      0.000000      0.000000      0.000000  3.642174E17
 77      714.0000      187.1910      153.0000      205.0000      3311.271      6.218437      1.670380   0.005014868  1.096066E17  3.873287E17     0.2829808      0.000000      0.000000      0.000000      0.000000      0.000000      0.000000  3.799024E17
 78      714.0000      187.1910      155.0000      205.0000      3311.214      8.630052      1.670334   0.006959719  1.134753E17  3.707549E17     0.3060655      0.000000      0.000000      0.000000      0.000000      0.000000      0.000000  3.628877E17
 79      714.0000      187.1910      157.0000      204.0000      3310.581     0.9383767      1.669823  0.0007567554  1.080340E17  3.638889E17     0.2968872      0.000000      0.000000      0.000000      0.000000      0.000000      0.000000  3.587777E17
 80      714.0000      187.1910      159.0000      205.0000      3311.868      5.967925      1.670861   0.004812842  1.187179E17  3.869320E17     0.3068184      0.000000      0.000000      0.000000      0.000000      0.000000      0.000000  3.789036E17
 81      714.0000      187.1910      161.0000      205.0000      3311.342      6.060096      1.670437   0.004887174  1.034480E17  4.385479E17     0.2358876      0.000000      0.000000      0.000000      0.000000      0.000000      0.000000  4.297004E17
 82      714.0000      187.1910      163.0000      204.0000      3310.477      15.16732      1.669739    0.01223171  1.005408E17  3.431268E17     0.2930136      0.000000      0.000000      0.000000      0.000000      0.000000      0.000000  3.375554E17
 83      714.0000      187.1910      165.0000      205.0000      3311.717      10.07994      1.670739   0.008128987  1.075158E17  3.749423E17     0.2867530      0.000000      0.000000      0.000000      0.000000      0.000000      0.000000  3.658336E17
 84      714.0000      187.1910      167.0000      204.0000      3310.011      7.489791      1.669363   0.006040154  1.257671E17  4.073614E17     0.3087359      0.000000      0.000000      0.000000      0.000000      0.000000      0.000000  4.016803E17
 85      714.0000      187.1910      169.0000      205.0000      3311.330      7.427495      1.670427   0.005989915  1.395274E17  3.935464E17     0.3545387      0.000000      0.000000      0.000000      0.000000      0.000000      0.000000  3.867247E17
 86      714.0000      187.1910      171.0000      205.0000      3312.360      13.05845      1.671258    0.01053101  1.149796E17  3.460910E17     0.3322235      0.000000      0.000000      0.000000      0.000000      0.000000      0.000000  3.336063E17
 87      714.0000      187.1910      173.0000      204.0000      3308.804      9.105602      1.668390   0.007343228  1.321040E17  3.728925E17     0.3542684      0.000000      0.000000      0.000000      0.000000      0.000000      0.000000  3.662359E17
 88      714.0000      187.1910      175.0000      205.0000      3312.203      6.218851      1.671132   0.005015202  1.383388E17  4.034633E17     0.3428782      0.000000      0.000000      0.000000      0.000000      0.000000      0.000000  3.947644E17
 89      714.0000      187.1910      177.0000      205.0000      3310.749      7.238360      1.669959   0.005837387  1.288581E17  4.028313E17     0.3198811      0.000000      0.000000      0.000000      0.000000      0.000000      0.000000  3.944219E17
 90      714.0000      187.1910      179.0000      205.0000      3310.863      12.85438      1.670051    0.01036644  1.459065E17  4.006459E17     0.3641782      0.000000      0.000000      0.000000      0.000000      0.000000      0.000000  3.930516E17
 91      714.0000      187.1910      181.0000      204.0000      3309.492      5.685946      1.668946   0.004585440  1.507158E17  4.164261E17     0.3619268      0.000000      0.000000      0.000000      0.000000      0.000000      0.000000  4.110523E17
 92      714.0000      187.1910      183.0000      205.0000      3311.137      9.367088      1.670272   0.007554104  1.689146E17  4.100270E17     0.4119596      0.000000      0.000000      0.000000      0.000000      0.000000      0.000000  4.037747E17
 93      714.0000      187.1910      185.0000      204.0000      3309.961      5.723808      1.669323   0.004615974  1.823316E17  4.636170E17     0.3932806      0.000000      0.000000      0.000000      0.000000      0.000000      0.000000  4.516711E17
 94      714.0000      187.1910      187.0000      203.0000      3308.115     0.5554004      1.667834  0.0004479035  1.664287E17  3.292410E17     0.5054920      0.000000      0.000000      0.000000      0.000000      0.000000      0.000000  3.229362E17
 95      714.0000      187.1910      189.0000      204.0000      3310.070      7.385394      1.669411   0.005955963  1.847571E17  3.534894E17     0.5226665      0.000000      0.000000      0.000000      0.000000      0.000000      0.000000  3.423627E17
 96      714.0000      187.1910      191.0000      204.0000      3310.087      7.647140      1.669425   0.006167049  1.787366E17  4.245264E17     0.4210259      0.000000      0.000000      0.000000      0.000000      0.000000      0.000000  4.168000E17
 97      714.0000      187.1910      193.0000      205.0000      3312.277      10.20669      1.671191   0.008231199  1.874826E17  3.754108E17     0.4994065      0.000000      0.000000      0.000000      0.000000      0.000000      0.000000  3.490933E17
 98      714.0000      187.1910      195.0000      203.0000      3307.746     0.3769390      1.667537  0.0003039830  1.723046E17  3.646142E17     0.4725668      0.000000      0.000000      0.000000      0.000000      0.000000      0.000000  3.586020E17
 99      714.0000      187.1910      197.0000      204.0000      3309.862      14.58029      1.669244    0.01175830  1.959314E17  3.279709E17     0.5974048      0.000000      0.000000      0.000000      0.000000      0.000000      0.000000  3.230372E17
100      714.0000      187.1910      199.0000      206.0000      3313.954      12.04854      1.672544   0.009716562  1.912440E17  3.418813E17     0.5593870      0.000000      0.000000      0.000000      0.000000      0.000000      0.000000  3.355057E17
101      714.0000      187.1910      201.0000      204.0000      3310.066      7.877680      1.669408   0.006352968  1.823508E17  4.036509E17     0.4517537      0.000000      0.000000      0.000000      0.000000      0.000000      0.000000  3.989223E17
102      714.0000      187.1910      203.0000      210.0000      3321.206     0.9281840      1.678392  0.0007485355  1.652861E17  3.857671E17     0.4284608      0.000000      0.000000      0.000000      0.000000      0.000000      0.000000  3.772715E17
103      714.0000      187.1910      205.0000      204.0000      3309.879      6.772953      1.669257   0.005462058  1.634793E17  3.854736E17     0.4241000      0.000000      0.000000      0.000000      0.000000      0.000000      0.000000  3.787954E17
104      714.0000      187.1910      207.0000      206.0000      3313.119      16.02323      1.671870    0.01292196  1.586223E17  3.721889E17     0.4261876      0.000000      0.000000      0.000000      0.000000      0.000000      0.000000  3.649740E17
105      714.0000      187.1910      209.0000      205.0000      3311.863      10.49212      1.670857   0.008461387  1.555074E17  3.765676E17     0.4129601      0.000000      0.000000      0.000000      0.000000      0.000000      0.000000  3.707266E17
106      714.0000      187.1910      211.0000      205.0000      3311.520      1.029114      1.670581  0.0008299304  1.519080E17  3.932934E17     0.3862461      0.000000      0.000000      0.000000      0.000000      0.000000      0.000000  3.853713E17
107      714.0000      187.1910      213.0000      206.0000      3313.064      7.450193      1.671826   0.006008220  1.520834E17  4.309388E17     0.3529118      0.000000      0.000000      0.000000      0.000000      0.000000      0.000000  4.247537E17
108      714.0000      187.1910      215.0000      206.0000      3312.944      9.330831      1.671729   0.007524863  1.484160E17  3.785122E17     0.3921038      0.000000      0.000000      0.000000      0.000000      0.000000      0.000000  3.730557E17
109      714.0000      187.1910      217.0000      205.0000      3312.327      9.813683      1.671232   0.007914260  1.873389E17  3.751187E17     0.4994124      0.000000      0.000000      0.000000      0.000000      0.000000      0.000000  3.691101E17
110      714.0000      187.1910      219.0000      211.0000      3323.457      8.550133      1.680207   0.006895268  1.936543E17  2.941782E17     0.6582888      0.000000      0.000000      0.000000      0.000000      0.000000      0.000000  2.901099E17
111      714.0000      187.1910      221.0000      205.0000      3312.065      9.995084      1.671020   0.008060551  1.864188E17  3.711409E17     0.5022856      0.000000      0.000000      0.000000      0.000000      0.000000      0.000000  3.634527E17
112      714.0000      187.1910      223.0000      206.0000      3314.287      9.828905      1.672812   0.007926537  1.817637E17  4.027175E17     0.4513430      0.000000      0.000000      0.000000      0.000000      0.000000      0.000000  3.973684E17
113      714.0000      187.1910      225.0000      206.0000      3314.531      13.06755      1.673008    0.01053835  2.183864E17  3.505471E17     0.6229875      0.000000      0.000000      0.000000      0.000000      0.000000      0.000000  3.395588E17
114      714.0000      187.1910      227.0000      206.0000      3313.480      9.244796      1.672162   0.007455480  2.128089E17  3.512036E17     0.6059416      0.000000      0.000000      0.000000      0.000000      0.000000      0.000000  3.422411E17
115      714.0000      187.1910      229.0000      206.0000      3313.227      6.546344      1.671957   0.005279310  2.188907E17  3.613404E17     0.6057744      0.000000      0.000000      0.000000      0.000000      0.000000      0.000000  3.552392E17
116      714.0000      187.1910      231.0000      206.0000      3313.999      10.62917      1.672580   0.008571911  2.087601E17  3.400986E17     0.6138224      0.000000      0.000000      0.000000      0.000000      0.000000      0.000000  3.315468E17
117      714.0000      187.1910      233.0000      206.0000      3312.776      6.213904      1.671594   0.005011213  1.989318E17  3.324306E17     0.5984161      0.000000      0.000000      0.000000      0.000000      0.000000      0.000000  3.241800E17
118      714.0000      187.1910      235.0000      207.0000      3315.018      9.461324      1.673401   0.007630100  2.023261E17  3.323037E17     0.6088590      0.000000      0.000000      0.000000      0.000000      0.000000      0.000000  3.239614E17
119      714.0000      187.1910      237.0000      207.0000      3315.735      9.790068      1.673980   0.007895215  1.956054E17  3.288712E17     0.5947781      0.000000      0.000000      0.000000      0.000000      0.000000      0.000000  3.201398E17
120      714.0000      187.1910      239.0000      206.0000      3313.094      7.998230      1.671850   0.006450185  1.812326E17  3.599880E17     0.5034406      0.000000      0.000000      0.000000      0.000000      0.000000      0.000000  3.544922E17
121      714.0000      187.1910      241.0000      206.0000      3314.629      10.15268      1.673088   0.008187649  1.946629E17  3.480447E17     0.5593043      0.000000      0.000000      0.000000      0.000000      0.000000      0.000000  3.404684E17
122      714.0000      187.1910      243.0000      205.0000      3310.892      8.666875      1.670074   0.006989415  1.929017E17  3.384589E17     0.5699411      0.000000      0.000000      0.000000      0.000000      0.000000      0.000000  3.305804E17
123      714.0000      187.1910      245.0000      207.0000      3316.103      10.22822      1.674277   0.008248561  1.859039E17  3.414970E17     0.5443793      0.000000      0.000000      0.000000      0.000000      0.000000      0.000000  3.340998E17
124      714.0000      187.1910      247.0000      206.0000      3314.528      10.19722      1.673006   0.008223565  1.787986E17  3.734234E17     0.4788093      0.000000      0.000000      0.000000      0.000000      0.000000      0.000000  3.685994E17
125      714.0000      187.1910      249.0000      206.0000      3313.699      8.666791      1.672338   0.006989348  2.146068E17  3.481446E17     0.6164301      0.000000      0.000000      0.000000      0.000000      0.000000      0.000000  3.419611E17
126      714.0000      187.1910      251.0000      206.0000      3314.332      7.159324      1.672848   0.005773648  2.710845E17  3.032167E17     0.8940288      0.000000      0.000000      0.000000      0.000000      0.000000      0.000000  2.943221E17
127      714.0000      187.1910      253.0000      206.0000      3313.288      7.209946      1.672006   0.005814473  1.989640E17  3.620510E17     0.5495469      0.000000      0.000000      0.000000      0.000000      0.000000      0.000000  3.547276E17
128      714.0000      187.1910      255.0000      205.0000      3311.487      8.315738      1.670554   0.006706240  2.074966E17  3.658350E17     0.5671863      0.000000      0.000000      0.000000      0.000000      0.000000      0.000000  3.591873E17
129      714.0000      187.1910      257.0000      205.0000      3311.714      12.47870      1.670737    0.01006347  2.428747E17  3.536856E17     0.6866966      0.000000      0.000000      0.000000      0.000000      0.000000      0.000000  3.455495E17
130      714.0000      187.1910      259.0000      204.0000      3310.263      8.441202      1.669567   0.006807421  2.975183E17  3.166770E17     0.9395010      0.000000      0.000000      0.000000      0.000000      0.000000      0.000000  3.041212E17
131      714.0000      187.1910      261.0000      205.0000      3311.578      4.583756      1.670627   0.003696578  2.756053E17  3.366276E17     0.8187245      0.000000      0.000000      0.000000      0.000000      0.000000      0.000000  3.300314E17
132      714.0000      187.1910      263.0000      206.0000      3314.126      5.155104      1.672682   0.004157342  2.548629E17  3.541497E17     0.7196474      0.000000      0.000000      0.000000      0.000000      0.000000      0.000000  3.465684E17
133      714.0000      187.1910      265.0000      207.0000      3314.998      6.562783      1.673386   0.005292567  2.043581E17  3.862483E17     0.5290847      0.000000      0.000000      0.000000      0.000000      0.000000      0.000000  3.803788E17
134      714.0000      187.1910      267.0000      206.0000      3314.221      4.284573      1.672759   0.003455301  2.207573E17  3.886158E17     0.5680606      0.000000      0.000000      0.000000      0.000000      0.000000      0.000000  3.791979E17
135      714.0000      187.1910      269.0000      205.0000      3311.644      5.351902      1.670680   0.004316051  2.479748E17  3.681381E17     0.6735918      0.000000      0.000000      0.000000      0.000000      0.000000      0.000000  3.594982E17
136      714.0000      187.1910      271.0000      206.0000      3313.756      4.466467      1.672384   0.003601990  2.019321E17  3.876721E17     0.5208839      0.000000      0.000000      0.000000      0.000000      0.000000      0.000000  3.813483E17
137      714.0000      187.1910      273.0000      206.0000      3313.979      4.845437      1.672564   0.003907610  1.877562E17  3.911417E17     0.4800208      0.000000      0.000000      0.000000      0.000000      0.000000      0.000000  3.829553E17
138      714.0000      187.1910      275.0000      205.0000      3311.778      4.406641      1.670789   0.003553742  2.303234E17  3.674784E17     0.6267670      0.000000      0.000000      0.000000      0.000000      0.000000      0.000000  3.544977E17
139      714.0000      187.1910      277.0000      207.0000      3315.303      6.875564      1.673631   0.005544809  1.563919E17  4.131391E17     0.3785453      0.000000      0.000000      0.000000      0.000000      0.000000      0.000000  4.052677E17
140      714.0000      187.1910      279.0000      203.0000      3308.499     0.5094724      1.668144  0.0004108648  8.975980E18  4.453435E17     0.2015519      0.000000      0.000000      0.000000      0.000000      0.000000      0.000000  4.408553E17
141      714.0000      187.1910      281.0000      204.0000      3309.135      7.391079      1.668657   0.005960547  4.237980E18  4.707388E17    0.09002826      0.000000      0.000000      0.000000      0.000000      0.000000      0.000000  4.638931E17
