                                                                                                                                               
                  
  1      714.0000      187.1910      1.000000      0.000000      0.000000      0.000000      0.000000      0.000000      0.000000      0.000000      0.000000      0.000000      0.000000      0.000000      0.000000      0.000000      0.000000      0.000000
  2      714.0000      187.1910      3.000000      0.000000      0.000000      0.000000      0.000000      0.000000      0.000000      0.000000      0.000000      0.000000      0.000000      0.000000      0.000000      0.000000      0.000000      0.000000
  3      714.0000      187.1910      5.000000      0.000000      0.000000      0.000000      0.000000      0.000000      0.000000      0.000000      0.000000      0.000000      0.000000      0.000000      0.000000      0.000000      0.000000      0.000000
  4      714.0000      187.1910      7.000000      0.000000      0.000000      0.000000      0.000000      0.000000      0.000000      0.000000      0.000000      0.000000      0.000000      0.000000      0.000000      0.000000      0.000000      0.000000
  5      714.0000      187.1910      9.000000      0.000000      0.000000      0.000000      0.000000      0.000000      0.000000      0.000000      0.000000      0.000000      0.000000      0.000000      0.000000      0.000000      0.000000      0.000000
  6      714.0000      187.1910      11.00000      0.000000      0.000000      0.000000      0.000000      0.000000      0.000000      0.000000      0.000000      0.000000      0.000000      0.000000      0.000000      0.000000      0.000000      0.000000
  7      714.0000      187.1910      13.00000      0.000000      0.000000      0.000000      0.000000      0.000000      0.000000      0.000000      0.000000      0.000000      0.000000      0.000000      0.000000      0.000000      0.000000      0.000000
  8      714.0000      187.1910      15.00000      0.000000      0.000000      0.000000      0.000000      0.000000      0.000000      0.000000      0.000000      0.000000      0.000000      0.000000      0.000000      0.000000      0.000000      0.000000
  9      714.0000      187.1910      17.00000      0.000000      0.000000      0.000000      0.000000      0.000000      0.000000      0.000000      0.000000      0.000000      0.000000      0.000000      0.000000      0.000000      0.000000      0.000000
 10      714.0000      187.1910      19.00000      0.000000      0.000000      0.000000      0.000000      0.000000      0.000000      0.000000      0.000000      0.000000      0.000000      0.000000      0.000000      0.000000      0.000000      0.000000
 11      714.0000      187.1910      21.00000      0.000000      0.000000      0.000000      0.000000      0.000000      0.000000      0.000000      0.000000      0.000000      0.000000      0.000000      0.000000      0.000000      0.000000      0.000000
 12      714.0000      187.1910      23.00000      0.000000      0.000000      0.000000      0.000000      0.000000      0.000000      0.000000      0.000000      0.000000      0.000000      0.000000      0.000000      0.000000      0.000000      0.000000
 13      714.0000      187.1910      25.00000      0.000000      0.000000      0.000000      0.000000      0.000000      0.000000      0.000000      0.000000      0.000000      0.000000      0.000000      0.000000      0.000000      0.000000      0.000000
 14      714.0000      187.1910      27.00000      0.000000      0.000000      0.000000      0.000000      0.000000      0.000000      0.000000      0.000000      0.000000      0.000000      0.000000      0.000000      0.000000      0.000000      0.000000
 15      714.0000      187.1910      29.00000      0.000000      0.000000      0.000000      0.000000      0.000000      0.000000      0.000000      0.000000      0.000000      0.000000      0.000000      0.000000      0.000000      0.000000      0.000000
 16      714.0000      187.1910      31.00000      0.000000      0.000000      0.000000      0.000000      0.000000      0.000000      0.000000      0.000000      0.000000      0.000000      0.000000      0.000000      0.000000      0.000000      0.000000
 17      714.0000      187.1910      33.00000      0.000000      0.000000      0.000000      0.000000      0.000000      0.000000      0.000000      0.000000      0.000000      0.000000      0.000000      0.000000      0.000000      0.000000      0.000000
 18      714.0000      187.1910      35.00000      0.000000      0.000000      0.000000      0.000000      0.000000      0.000000      0.000000      0.000000      0.000000      0.000000      0.000000      0.000000      0.000000      0.000000      0.000000
 19      714.0000      187.1910      37.00000      0.000000      0.000000      0.000000      0.000000      0.000000      0.000000      0.000000      0.000000      0.000000      0.000000      0.000000      0.000000      0.000000      0.000000      0.000000
 20      714.0000      187.1910      39.00000      0.000000      0.000000      0.000000      0.000000      0.000000      0.000000      0.000000      0.000000      0.000000      0.000000      0.000000      0.000000      0.000000      0.000000      0.000000
 21      714.0000      187.1910      41.00000      0.000000      0.000000      0.000000      0.000000      0.000000      0.000000      0.000000      0.000000      0.000000      0.000000      0.000000      0.000000      0.000000      0.000000      0.000000
 22      714.0000      187.1910      43.00000      0.000000      0.000000      0.000000      0.000000      0.000000      0.000000      0.000000      0.000000      0.000000      0.000000      0.000000      0.000000      0.000000      0.000000      0.000000
 23      714.0000      187.1910      45.00000      0.000000      0.000000      0.000000      0.000000      0.000000      0.000000      0.000000      0.000000      0.000000      0.000000      0.000000      0.000000      0.000000      0.000000      0.000000
 24      714.0000      187.1910      47.00000      0.000000      0.000000      0.000000      0.000000      0.000000      0.000000      0.000000      0.000000      0.000000      0.000000      0.000000      0.000000      0.000000      0.000000      0.000000
 25      714.0000      187.1910      49.00000      0.000000      0.000000      0.000000      0.000000      0.000000      0.000000      0.000000      0.000000      0.000000      0.000000      0.000000      0.000000      0.000000      0.000000      0.000000
 26      714.0000      187.1910      51.00000      0.000000      0.000000      0.000000      0.000000      0.000000      0.000000      0.000000      0.000000      0.000000      0.000000      0.000000      0.000000      0.000000      0.000000      0.000000
 27      714.0000      187.1910      53.00000      0.000000      0.000000      0.000000      0.000000      0.000000      0.000000      0.000000      0.000000      0.000000      0.000000      0.000000      0.000000      0.000000      0.000000      0.000000
 28      714.0000      187.1910      55.00000      0.000000      0.000000      0.000000      0.000000      0.000000      0.000000      0.000000      0.000000      0.000000      0.000000      0.000000      0.000000      0.000000      0.000000      0.000000
 29      714.0000      187.1910      57.00000      0.000000      0.000000      0.000000      0.000000      0.000000      0.000000      0.000000      0.000000      0.000000      0.000000      0.000000      0.000000      0.000000      0.000000      0.000000
 30      714.0000      187.1910      59.00000      0.000000      0.000000      0.000000      0.000000      0.000000      0.000000      0.000000      0.000000      0.000000      0.000000      0.000000      0.000000      0.000000      0.000000      0.000000
 31      714.0000      187.1910      61.00000      0.000000      0.000000      0.000000      0.000000      0.000000      0.000000      0.000000      0.000000      0.000000      0.000000      0.000000      0.000000      0.000000      0.000000      0.000000
 32      714.0000      187.1910      63.00000      0.000000      0.000000      0.000000      0.000000      0.000000      0.000000      0.000000      0.000000      0.000000      0.000000      0.000000      0.000000      0.000000      0.000000      0.000000
 33      714.0000      187.1910      65.00000      0.000000      0.000000      0.000000      0.000000      0.000000      0.000000      0.000000      0.000000      0.000000      0.000000      0.000000      0.000000      0.000000      0.000000      0.000000
 34      714.0000      187.1910      67.00000      0.000000      0.000000      0.000000      0.000000      0.000000      0.000000      0.000000      0.000000      0.000000      0.000000      0.000000      0.000000      0.000000      0.000000      0.000000
 35      714.0000      187.1910      69.00000      0.000000      0.000000      0.000000      0.000000      0.000000      0.000000      0.000000      0.000000      0.000000      0.000000      0.000000      0.000000      0.000000      0.000000      0.000000
 36      714.0000      187.1910      71.00000      0.000000      0.000000      0.000000      0.000000      0.000000      0.000000      0.000000      0.000000      0.000000      0.000000      0.000000      0.000000      0.000000      0.000000      0.000000
 37      714.0000      187.1910      73.00000      0.000000      0.000000      0.000000      0.000000      0.000000      0.000000      0.000000      0.000000      0.000000      0.000000      0.000000      0.000000      0.000000      0.000000      0.000000
 38      714.0000      187.1910      75.00000      0.000000      0.000000      0.000000      0.000000      0.000000      0.000000      0.000000      0.000000      0.000000      0.000000      0.000000      0.000000      0.000000      0.000000      0.000000
 39      714.0000      187.1910      77.00000      0.000000      0.000000      0.000000      0.000000      0.000000      0.000000      0.000000      0.000000      0.000000      0.000000      0.000000      0.000000      0.000000      0.000000      0.000000
 40      714.0000      187.1910      79.00000      0.000000      0.000000      0.000000      0.000000      0.000000      0.000000      0.000000      0.000000      0.000000      0.000000      0.000000      0.000000      0.000000      0.000000      0.000000
 41      714.0000      187.1910      81.00000      0.000000      0.000000      0.000000      0.000000      0.000000      0.000000      0.000000      0.000000      0.000000      0.000000      0.000000      0.000000      0.000000      0.000000      0.000000
 42      714.0000      187.1910      83.00000      0.000000      0.000000      0.000000      0.000000      0.000000      0.000000      0.000000      0.000000      0.000000      0.000000      0.000000      0.000000      0.000000      0.000000      0.000000
 43      714.0000      187.1910      85.00000      0.000000      0.000000      0.000000      0.000000      0.000000      0.000000      0.000000      0.000000      0.000000      0.000000      0.000000      0.000000      0.000000      0.000000      0.000000
 44      714.0000      187.1910      87.00000      0.000000      0.000000      0.000000      0.000000      0.000000      0.000000      0.000000      0.000000      0.000000      0.000000      0.000000      0.000000      0.000000      0.000000      0.000000
 45      714.0000      187.1910      89.00000      0.000000      0.000000      0.000000      0.000000      0.000000      0.000000      0.000000      0.000000      0.000000      0.000000      0.000000      0.000000      0.000000      0.000000      0.000000
 46      714.0000      187.1910      91.00000      0.000000      0.000000      0.000000      0.000000      0.000000      0.000000      0.000000      0.000000      0.000000      0.000000      0.000000      0.000000      0.000000      0.000000      0.000000
 47      714.0000      187.1910      93.00000      0.000000      0.000000      0.000000      0.000000      0.000000      0.000000      0.000000      0.000000      0.000000      0.000000      0.000000      0.000000      0.000000      0.000000      0.000000
 48      714.0000      187.1910      95.00000      0.000000      0.000000      0.000000      0.000000      0.000000      0.000000      0.000000      0.000000      0.000000      0.000000      0.000000      0.000000      0.000000      0.000000      0.000000
 49      714.0000      187.1910      97.00000      0.000000      0.000000      0.000000      0.000000      0.000000      0.000000      0.000000      0.000000      0.000000      0.000000      0.000000      0.000000      0.000000      0.000000      0.000000
 50      714.0000      187.1910      99.00000      0.000000      0.000000      0.000000      0.000000      0.000000      0.000000      0.000000      0.000000      0.000000      0.000000      0.000000      0.000000      0.000000      0.000000      0.000000
 51      714.0000      187.1910      101.0000      0.000000      0.000000      0.000000      0.000000      0.000000      0.000000      0.000000      0.000000      0.000000      0.000000      0.000000      0.000000      0.000000      0.000000      0.000000
 52      714.0000      187.1910      103.0000      0.000000      0.000000      0.000000      0.000000      0.000000      0.000000      0.000000      0.000000      0.000000      0.000000      0.000000      0.000000      0.000000      0.000000      0.000000
 53      714.0000      187.1910      105.0000      0.000000      0.000000      0.000000      0.000000      0.000000      0.000000      0.000000      0.000000      0.000000      0.000000      0.000000      0.000000      0.000000      0.000000      0.000000
 54      714.0000      187.1910      107.0000      0.000000      0.000000      0.000000      0.000000      0.000000      0.000000      0.000000      0.000000      0.000000      0.000000      0.000000      0.000000      0.000000      0.000000      0.000000
 55      714.0000      187.1910      109.0000      0.000000      0.000000      0.000000      0.000000      0.000000      0.000000      0.000000      0.000000      0.000000      0.000000      0.000000      0.000000      0.000000      0.000000      0.000000
 56      714.0000      187.1910      111.0000      0.000000      0.000000      0.000000      0.000000      0.000000      0.000000      0.000000      0.000000      0.000000      0.000000      0.000000      0.000000      0.000000      0.000000      0.000000
 57      714.0000      187.1910      113.0000      0.000000      0.000000      0.000000      0.000000      0.000000      0.000000      0.000000      0.000000      0.000000      0.000000      0.000000      0.000000      0.000000      0.000000      0.000000
 58      714.0000      187.1910      115.0000      0.000000      0.000000      0.000000      0.000000      0.000000      0.000000      0.000000      0.000000      0.000000      0.000000      0.000000      0.000000      0.000000      0.000000      0.000000
 59      714.0000      187.1910      117.0000      0.000000      0.000000      0.000000      0.000000      0.000000      0.000000      0.000000      0.000000      0.000000      0.000000      0.000000      0.000000      0.000000      0.000000      0.000000
 60      714.0000      187.1910      119.0000      0.000000      0.000000      0.000000      0.000000      0.000000      0.000000      0.000000      0.000000      0.000000      0.000000      0.000000      0.000000      0.000000      0.000000      0.000000
 61      714.0000      187.1910      121.0000      0.000000      0.000000      0.000000      0.000000      0.000000      0.000000      0.000000      0.000000      0.000000      0.000000      0.000000      0.000000      0.000000      0.000000      0.000000
 62      714.0000      187.1910      123.0000      0.000000      0.000000      0.000000      0.000000      0.000000      0.000000      0.000000      0.000000      0.000000      0.000000      0.000000      0.000000      0.000000      0.000000      0.000000
 63      714.0000      187.1910      125.0000      0.000000      0.000000      0.000000      0.000000      0.000000      0.000000      0.000000      0.000000      0.000000      0.000000      0.000000      0.000000      0.000000      0.000000      0.000000
 64      714.0000      187.1910      127.0000      0.000000      0.000000      0.000000      0.000000      0.000000      0.000000      0.000000      0.000000      0.000000      0.000000      0.000000      0.000000      0.000000      0.000000      0.000000
 65      714.0000      187.1910      129.0000      0.000000      0.000000      0.000000      0.000000      0.000000      0.000000      0.000000      0.000000      0.000000      0.000000      0.000000      0.000000      0.000000      0.000000      0.000000
 66      714.0000      187.1910      131.0000      0.000000      0.000000      0.000000      0.000000      0.000000      0.000000      0.000000      0.000000      0.000000      0.000000      0.000000      0.000000      0.000000      0.000000      0.000000
 67      714.0000      187.1910      133.0000      0.000000      0.000000      0.000000      0.000000      0.000000      0.000000      0.000000      0.000000      0.000000      0.000000      0.000000      0.000000      0.000000      0.000000      0.000000
 68      714.0000      187.1910      135.0000      0.000000      0.000000      0.000000      0.000000      0.000000      0.000000      0.000000      0.000000      0.000000      0.000000      0.000000      0.000000      0.000000      0.000000      0.000000
 69      714.0000      187.1910      137.0000      0.000000      0.000000      0.000000      0.000000      0.000000      0.000000      0.000000      0.000000      0.000000      0.000000      0.000000      0.000000      0.000000      0.000000      0.000000
 70      714.0000      187.1910      139.0000      0.000000      0.000000      0.000000      0.000000      0.000000      0.000000      0.000000      0.000000      0.000000      0.000000      0.000000      0.000000      0.000000      0.000000      0.000000
 71      714.0000      187.1910      141.0000      0.000000      0.000000      0.000000      0.000000      0.000000      0.000000      0.000000      0.000000      0.000000      0.000000      0.000000      0.000000      0.000000      0.000000      0.000000
 72      714.0000      187.1910      143.0000      0.000000      0.000000      0.000000      0.000000      0.000000      0.000000      0.000000      0.000000      0.000000      0.000000      0.000000      0.000000      0.000000      0.000000      0.000000
 73      714.0000      187.1910      145.0000      0.000000      0.000000      0.000000      0.000000      0.000000      0.000000      0.000000      0.000000      0.000000      0.000000      0.000000      0.000000      0.000000      0.000000      0.000000
 74      714.0000      187.1910      147.0000      0.000000      0.000000      0.000000      0.000000      0.000000      0.000000      0.000000      0.000000      0.000000      0.000000      0.000000      0.000000      0.000000      0.000000      0.000000
 75      714.0000      187.1910      149.0000      0.000000      0.000000      0.000000      0.000000      0.000000      0.000000      0.000000      0.000000      0.000000      0.000000      0.000000      0.000000      0.000000      0.000000      0.000000
 76      714.0000      187.1910      151.0000      0.000000      0.000000      0.000000      0.000000      0.000000      0.000000      0.000000      0.000000      0.000000      0.000000      0.000000      0.000000      0.000000      0.000000      0.000000
 77      714.0000      187.1910      153.0000      0.000000      0.000000      0.000000      0.000000      0.000000      0.000000      0.000000      0.000000      0.000000      0.000000      0.000000      0.000000      0.000000      0.000000      0.000000
 78      714.0000      187.1910      155.0000      0.000000      0.000000      0.000000      0.000000      0.000000      0.000000      0.000000      0.000000      0.000000      0.000000      0.000000      0.000000      0.000000      0.000000      0.000000
 79      714.0000      187.1910      157.0000      0.000000      0.000000      0.000000      0.000000      0.000000      0.000000      0.000000      0.000000      0.000000      0.000000      0.000000      0.000000      0.000000      0.000000      0.000000
 80      714.0000      187.1910      159.0000      0.000000      0.000000      0.000000      0.000000      0.000000      0.000000      0.000000      0.000000      0.000000      0.000000      0.000000      0.000000      0.000000      0.000000      0.000000
 81      714.0000      187.1910      161.0000      0.000000      0.000000      0.000000      0.000000      0.000000      0.000000      0.000000      0.000000      0.000000      0.000000      0.000000      0.000000      0.000000      0.000000      0.000000
 82      714.0000      187.1910      163.0000      0.000000      0.000000      0.000000      0.000000      0.000000      0.000000      0.000000      0.000000      0.000000      0.000000      0.000000      0.000000      0.000000      0.000000      0.000000
 83      714.0000      187.1910      165.0000      0.000000      0.000000      0.000000      0.000000      0.000000      0.000000      0.000000      0.000000      0.000000      0.000000      0.000000      0.000000      0.000000      0.000000      0.000000
 84      714.0000      187.1910      167.0000      0.000000      0.000000      0.000000      0.000000      0.000000      0.000000      0.000000      0.000000      0.000000      0.000000      0.000000      0.000000      0.000000      0.000000      0.000000
 85      714.0000      187.1910      169.0000      0.000000      0.000000      0.000000      0.000000      0.000000      0.000000      0.000000      0.000000      0.000000      0.000000      0.000000      0.000000      0.000000      0.000000      0.000000
 86      714.0000      187.1910      171.0000      0.000000      0.000000      0.000000      0.000000      0.000000      0.000000      0.000000      0.000000      0.000000      0.000000      0.000000      0.000000      0.000000      0.000000      0.000000
 87      714.0000      187.1910      173.0000      0.000000      0.000000      0.000000      0.000000      0.000000      0.000000      0.000000      0.000000      0.000000      0.000000      0.000000      0.000000      0.000000      0.000000      0.000000
 88      714.0000      187.1910      175.0000      0.000000      0.000000      0.000000      0.000000      0.000000      0.000000      0.000000      0.000000      0.000000      0.000000      0.000000      0.000000      0.000000      0.000000      0.000000
 89      714.0000      187.1910      177.0000      0.000000      0.000000      0.000000      0.000000      0.000000      0.000000      0.000000      0.000000      0.000000      0.000000      0.000000      0.000000      0.000000      0.000000      0.000000
 90      714.0000      187.1910      179.0000      0.000000      0.000000      0.000000      0.000000      0.000000      0.000000      0.000000      0.000000      0.000000      0.000000      0.000000      0.000000      0.000000      0.000000      0.000000
 91      714.0000      187.1910      181.0000      0.000000      0.000000      0.000000      0.000000      0.000000      0.000000      0.000000      0.000000      0.000000      0.000000      0.000000      0.000000      0.000000      0.000000      0.000000
 92      714.0000      187.1910      183.0000      0.000000      0.000000      0.000000      0.000000      0.000000      0.000000      0.000000      0.000000      0.000000      0.000000      0.000000      0.000000      0.000000      0.000000      0.000000
 93      714.0000      187.1910      185.0000      0.000000      0.000000      0.000000      0.000000      0.000000      0.000000      0.000000      0.000000      0.000000      0.000000      0.000000      0.000000      0.000000      0.000000      0.000000
 94      714.0000      187.1910      187.0000      0.000000      0.000000      0.000000      0.000000      0.000000      0.000000      0.000000      0.000000      0.000000      0.000000      0.000000      0.000000      0.000000      0.000000      0.000000
 95      714.0000      187.1910      189.0000      0.000000      0.000000      0.000000      0.000000      0.000000      0.000000      0.000000      0.000000      0.000000      0.000000      0.000000      0.000000      0.000000      0.000000      0.000000
 96      714.0000      187.1910      191.0000      0.000000      0.000000      0.000000      0.000000      0.000000      0.000000      0.000000      0.000000      0.000000      0.000000      0.000000      0.000000      0.000000      0.000000      0.000000
 97      714.0000      187.1910      193.0000      0.000000      0.000000      0.000000      0.000000      0.000000      0.000000      0.000000      0.000000      0.000000      0.000000      0.000000      0.000000      0.000000      0.000000      0.000000
 98      714.0000      187.1910      195.0000      0.000000      0.000000      0.000000      0.000000      0.000000      0.000000      0.000000      0.000000      0.000000      0.000000      0.000000      0.000000      0.000000      0.000000      0.000000
 99      714.0000      187.1910      197.0000      0.000000      0.000000      0.000000      0.000000      0.000000      0.000000      0.000000      0.000000      0.000000      0.000000      0.000000      0.000000      0.000000      0.000000      0.000000
100      714.0000      187.1910      199.0000      0.000000      0.000000      0.000000      0.000000      0.000000      0.000000      0.000000      0.000000      0.000000      0.000000      0.000000      0.000000      0.000000      0.000000      0.000000
101      714.0000      187.1910      201.0000      0.000000      0.000000      0.000000      0.000000      0.000000      0.000000      0.000000      0.000000      0.000000      0.000000      0.000000      0.000000      0.000000      0.000000      0.000000
102      714.0000      187.1910      203.0000      0.000000      0.000000      0.000000      0.000000      0.000000      0.000000      0.000000      0.000000      0.000000      0.000000      0.000000      0.000000      0.000000      0.000000      0.000000
103      714.0000      187.1910      205.0000      0.000000      0.000000      0.000000      0.000000      0.000000      0.000000      0.000000      0.000000      0.000000      0.000000      0.000000      0.000000      0.000000      0.000000      0.000000
104      714.0000      187.1910      207.0000      0.000000      0.000000      0.000000      0.000000      0.000000      0.000000      0.000000      0.000000      0.000000      0.000000      0.000000      0.000000      0.000000      0.000000      0.000000
105      714.0000      187.1910      209.0000      0.000000      0.000000      0.000000      0.000000      0.000000      0.000000      0.000000      0.000000      0.000000      0.000000      0.000000      0.000000      0.000000      0.000000      0.000000
106      714.0000      187.1910      211.0000      0.000000      0.000000      0.000000      0.000000      0.000000      0.000000      0.000000      0.000000      0.000000      0.000000      0.000000      0.000000      0.000000      0.000000      0.000000
107      714.0000      187.1910      213.0000      0.000000      0.000000      0.000000      0.000000      0.000000      0.000000      0.000000      0.000000      0.000000      0.000000      0.000000      0.000000      0.000000      0.000000      0.000000
108      714.0000      187.1910      215.0000      0.000000      0.000000      0.000000      0.000000      0.000000      0.000000      0.000000      0.000000      0.000000      0.000000      0.000000      0.000000      0.000000      0.000000      0.000000
109      714.0000      187.1910      217.0000      0.000000      0.000000      0.000000      0.000000      0.000000      0.000000      0.000000      0.000000      0.000000      0.000000      0.000000      0.000000      0.000000      0.000000      0.000000
110      714.0000      187.1910      219.0000      0.000000      0.000000      0.000000      0.000000      0.000000      0.000000      0.000000      0.000000      0.000000      0.000000      0.000000      0.000000      0.000000      0.000000      0.000000
111      714.0000      187.1910      221.0000      0.000000      0.000000      0.000000      0.000000      0.000000      0.000000      0.000000      0.000000      0.000000      0.000000      0.000000      0.000000      0.000000      0.000000      0.000000
112      714.0000      187.1910      223.0000      0.000000      0.000000      0.000000      0.000000      0.000000      0.000000      0.000000      0.000000      0.000000      0.000000      0.000000      0.000000      0.000000      0.000000      0.000000
113      714.0000      187.1910      225.0000      0.000000      0.000000      0.000000      0.000000      0.000000      0.000000      0.000000      0.000000      0.000000      0.000000      0.000000      0.000000      0.000000      0.000000      0.000000
114      714.0000      187.1910      227.0000      0.000000      0.000000      0.000000      0.000000      0.000000      0.000000      0.000000      0.000000      0.000000      0.000000      0.000000      0.000000      0.000000      0.000000      0.000000
115      714.0000      187.1910      229.0000      0.000000      0.000000      0.000000      0.000000      0.000000      0.000000      0.000000      0.000000      0.000000      0.000000      0.000000      0.000000      0.000000      0.000000      0.000000
116      714.0000      187.1910      231.0000      0.000000      0.000000      0.000000      0.000000      0.000000      0.000000      0.000000      0.000000      0.000000      0.000000      0.000000      0.000000      0.000000      0.000000      0.000000
117      714.0000      187.1910      233.0000      0.000000      0.000000      0.000000      0.000000      0.000000      0.000000      0.000000      0.000000      0.000000      0.000000      0.000000      0.000000      0.000000      0.000000      0.000000
118      714.0000      187.1910      235.0000      0.000000      0.000000      0.000000      0.000000      0.000000      0.000000      0.000000      0.000000      0.000000      0.000000      0.000000      0.000000      0.000000      0.000000      0.000000
119      714.0000      187.1910      237.0000      0.000000      0.000000      0.000000      0.000000      0.000000      0.000000      0.000000      0.000000      0.000000      0.000000      0.000000      0.000000      0.000000      0.000000      0.000000
120      714.0000      187.1910      239.0000      0.000000      0.000000      0.000000      0.000000      0.000000      0.000000      0.000000      0.000000      0.000000      0.000000      0.000000      0.000000      0.000000      0.000000      0.000000
121      714.0000      187.1910      241.0000      0.000000      0.000000      0.000000      0.000000      0.000000      0.000000      0.000000      0.000000      0.000000      0.000000      0.000000      0.000000      0.000000      0.000000      0.000000
122      714.0000      187.1910      243.0000      0.000000      0.000000      0.000000      0.000000      0.000000      0.000000      0.000000      0.000000      0.000000      0.000000      0.000000      0.000000      0.000000      0.000000      0.000000
123      714.0000      187.1910      245.0000      0.000000      0.000000      0.000000      0.000000      0.000000      0.000000      0.000000      0.000000      0.000000      0.000000      0.000000      0.000000      0.000000      0.000000      0.000000
124      714.0000      187.1910      247.0000      0.000000      0.000000      0.000000      0.000000      0.000000      0.000000      0.000000      0.000000      0.000000      0.000000      0.000000      0.000000      0.000000      0.000000      0.000000
125      714.0000      187.1910      249.0000      0.000000      0.000000      0.000000      0.000000      0.000000      0.000000      0.000000      0.000000      0.000000      0.000000      0.000000      0.000000      0.000000      0.000000      0.000000
126      714.0000      187.1910      251.0000      0.000000      0.000000      0.000000      0.000000      0.000000      0.000000      0.000000      0.000000      0.000000      0.000000      0.000000      0.000000      0.000000      0.000000      0.000000
127      714.0000      187.1910      253.0000      0.000000      0.000000      0.000000      0.000000      0.000000      0.000000      0.000000      0.000000      0.000000      0.000000      0.000000      0.000000      0.000000      0.000000      0.000000
128      714.0000      187.1910      255.0000      0.000000      0.000000      0.000000      0.000000      0.000000      0.000000      0.000000      0.000000      0.000000      0.000000      0.000000      0.000000      0.000000      0.000000      0.000000
129      714.0000      187.1910      257.0000      0.000000      0.000000      0.000000      0.000000      0.000000      0.000000      0.000000      0.000000      0.000000      0.000000      0.000000      0.000000      0.000000      0.000000      0.000000
130      714.0000      187.1910      259.0000      0.000000      0.000000      0.000000      0.000000      0.000000      0.000000      0.000000      0.000000      0.000000      0.000000      0.000000      0.000000      0.000000      0.000000      0.000000
131      714.0000      187.1910      261.0000      0.000000      0.000000      0.000000      0.000000      0.000000      0.000000      0.000000      0.000000      0.000000      0.000000      0.000000      0.000000      0.000000      0.000000      0.000000
132      714.0000      187.1910      263.0000      0.000000      0.000000      0.000000      0.000000      0.000000      0.000000      0.000000      0.000000      0.000000      0.000000      0.000000      0.000000      0.000000      0.000000      0.000000
133      714.0000      187.1910      265.0000      0.000000      0.000000      0.000000      0.000000      0.000000      0.000000      0.000000      0.000000      0.000000      0.000000      0.000000      0.000000      0.000000      0.000000      0.000000
134      714.0000      187.1910      267.0000      0.000000      0.000000      0.000000      0.000000      0.000000      0.000000      0.000000      0.000000      0.000000      0.000000      0.000000      0.000000      0.000000      0.000000      0.000000
135      714.0000      187.1910      269.0000      0.000000      0.000000      0.000000      0.000000      0.000000      0.000000      0.000000      0.000000      0.000000      0.000000      0.000000      0.000000      0.000000      0.000000      0.000000
136      714.0000      187.1910      271.0000      0.000000      0.000000      0.000000      0.000000      0.000000      0.000000      0.000000      0.000000      0.000000      0.000000      0.000000      0.000000      0.000000      0.000000      0.000000
137      714.0000      187.1910      273.0000      0.000000      0.000000      0.000000      0.000000      0.000000      0.000000      0.000000      0.000000      0.000000      0.000000      0.000000      0.000000      0.000000      0.000000      0.000000
138      714.0000      187.1910      275.0000      0.000000      0.000000      0.000000      0.000000      0.000000      0.000000      0.000000      0.000000      0.000000      0.000000      0.000000      0.000000      0.000000      0.000000      0.000000
139      714.0000      187.1910      277.0000      0.000000      0.000000      0.000000      0.000000      0.000000      0.000000      0.000000      0.000000      0.000000      0.000000      0.000000      0.000000      0.000000      0.000000      0.000000
140      714.0000      187.1910      279.0000      0.000000      0.000000      0.000000      0.000000      0.000000      0.000000      0.000000      0.000000      0.000000      0.000000      0.000000      0.000000      0.000000      0.000000      0.000000
141      714.0000      187.1910      281.0000      0.000000      0.000000      0.000000      0.000000      0.000000      0.000000      0.000000      0.000000      0.000000      0.000000      0.000000      0.000000      0.000000      0.000000      0.000000
