  1      1850.000      256.7920      1.000000      3353.000      9961.742      4.306623      1.672793   0.001155492   1.154883E-18  5.356151E-19       2.156181     0.6809387     0.3192965      9961.988      6.943743      17.22249      17.13893  1.758018E-19
  2      1850.000      256.7920      3.000000      3355.000      9963.290      4.881740      1.673209   0.001309799   1.851724E-18  7.828941E-19       2.365230      1.091639     0.4676642      9962.596      5.472137      17.88892      13.46965  2.649740E-19
  3      1850.000      256.7920      5.000000      3355.000      9963.220      4.689677      1.673190   0.001258268   2.574251E-18  9.431990E-19       2.729276      1.517597     0.5658532      9963.568      6.428330      21.43643      14.97308  3.431073E-19
  4      1850.000      256.7920      7.000000      3354.000      9962.230      3.798936      1.672925   0.001019277   3.111521E-18  1.150269E-18       2.705039      1.834516     0.6899392      9963.164      5.662284      24.05430      13.54839  4.287503E-19
  5      1850.000      256.7920      9.000000      3354.000      9962.002      3.748559      1.672863   0.001005760   3.944851E-18  1.406573E-18       2.804582      2.325890     0.8447595      9962.645      6.495022      26.36388      16.79665  4.939162E-19
  6      1850.000      256.7920      11.00000      3354.000      9962.066      4.564399      1.672880   0.001224655   4.817749E-18  1.545426E-18       3.117424      2.840534     0.9320968      9963.398      6.121399      30.49364      25.16288  5.189666E-19
  7      1850.000      256.7920      13.00000      3353.000      9961.834      2.663412      1.672818  0.0007146090   5.529631E-18  1.320748E-18       4.186743      3.260335     0.8106857      9961.367      3.474475      28.68201      10.21303  5.263911E-19
  8      1850.000      256.7920      15.00000      3353.000      9961.734      3.452810      1.672791  0.0009264089   5.870484E-18  1.871112E-18       3.137431      3.461340      1.128888      9962.390      4.549927      25.41842      12.68177  5.411072E-19
  9      1850.000      256.7920      17.00000      3354.000      9962.459      3.672081      1.672986  0.0009852408   5.944516E-18  1.890579E-18       3.144283      3.504736      1.140663      9963.740      4.671051      22.10357      10.60493  5.703055E-19
 10      1850.000      256.7920      19.00000      3355.000      9963.215      4.087969      1.673189   0.001096826   6.227948E-18  1.892189E-18       3.291398      3.671561      1.144011      9964.698      3.901592      22.45562      10.18131  6.369253E-19
 11      1850.000      256.7920      21.00000      3354.000      9962.381      2.342505      1.672965  0.0006285078   6.356040E-18  1.524809E-18       4.168416      3.747389     0.9355731      9963.970      3.422505      23.24639      8.801648  6.646617E-19
 12      1850.000      256.7920      23.00000      3353.000      9961.699      3.524739      1.672782  0.0009457079   6.782396E-18  2.364299E-18       2.868671      3.999033      1.421182      9963.074      5.051164      21.49875      11.82447  7.195700E-19
 13      1850.000      256.7920      25.00000      3353.000      9961.433      4.011797      1.672710   0.001076389   6.458567E-18  2.512387E-18       2.570690      3.808199      1.504600      9964.178      4.772518      20.51694      12.44265  7.483894E-19
 14      1850.000      256.7920      27.00000      3354.000      9962.110      4.080137      1.672892   0.001094725   6.435003E-18  2.590327E-18       2.484244      3.794047      1.549600      9962.903      5.194952      21.99706      20.42264  8.086485E-19
 15      1850.000      256.7920      29.00000      3353.000      9961.396      4.329525      1.672701   0.001161637   6.297768E-18  2.786494E-18       2.260104      3.713400      1.662953      9964.359      6.025847      19.98526      15.35611  8.175235E-19
 16      1850.000      256.7920      31.00000      3353.000      9961.517      2.819344      1.672733  0.0007564463   6.018895E-18  1.914425E-18       3.143969      3.548923      1.155154      9964.467      4.670696      20.72506      10.14422  8.785503E-19
 17      1850.000      256.7920      33.00000      3352.000      9960.335      3.776326      1.672416   0.001013210   6.218527E-18  2.852510E-18       2.180020      3.667067      1.701119      9962.767      5.535354      19.44218      13.47611  8.722785E-19
 18      1850.000      256.7920      35.00000      3352.000      9960.207      3.794752      1.672382   0.001018154   6.356361E-18  2.748688E-18       2.312507      3.748397      1.641503      9962.268      6.743736      27.98112      29.39397  8.915093E-19
 19      1850.000      256.7920      37.00000      3353.000      9961.134      3.860703      1.672630   0.001035849   6.307472E-18  2.818410E-18       2.237954      3.719220      1.681653      9963.285      6.252208      21.54458      16.89865  9.100470E-19
 20      1850.000      256.7920      39.00000      3351.000      9959.466      5.813976      1.672183   0.001559924   5.652086E-18  3.437088E-18       1.644440      0.000000      0.000000      0.000000      0.000000      0.000000      0.000000  9.450894E-19
 21      1850.000      256.7920      41.00000      3352.000      9960.247      3.451673      1.672392  0.0009261040   5.929995E-18  2.551410E-18       2.324203      3.496951      1.523875      9962.532      6.266007      21.58108      20.34292  9.433938E-19
 22      1850.000      256.7920      43.00000      3352.000      9960.607      2.707907      1.672489  0.0007265473   5.937155E-18  1.766004E-18       3.361915      3.501047      1.069137      9963.023      3.870268      27.29321      11.36672  9.769191E-19
 23      1850.000      256.7920      45.00000      3352.000      9960.484      6.143836      1.672456   0.001648427   5.792378E-18  3.872973E-18       1.495589      0.000000      0.000000      0.000000      0.000000      0.000000      0.000000  1.002445E-18
 24      1850.000      256.7920      47.00000      3352.000      9960.313      6.282367      1.672410   0.001685596   5.268251E-18  3.893337E-18       1.353146      0.000000      0.000000      0.000000      0.000000      0.000000      0.000000  9.815273E-19
 25      1850.000      256.7920      49.00000      3352.000      9959.623      3.850279      1.672225   0.001033052   4.840955E-18  2.920458E-18       1.657601      0.000000      0.000000      0.000000      0.000000      0.000000      0.000000  9.942788E-19
 26      1850.000      256.7920      51.00000      3351.000      9959.142      3.399191      1.672096  0.0009120227   4.291413E-18  2.377980E-18       1.804647      0.000000      0.000000      0.000000      0.000000      0.000000      0.000000  1.016168E-18
 27      1850.000      256.7920      53.00000      3351.000      9958.858      4.749670      1.672020   0.001274364   3.770691E-18  3.406742E-18       1.106832      0.000000      0.000000      0.000000      0.000000      0.000000      0.000000  1.056528E-18
 28      1850.000      256.7920      55.00000      3350.000      9958.122      6.106318      1.671822   0.001638361   3.970607E-18  4.094910E-18      0.9696445      0.000000      0.000000      0.000000      0.000000      0.000000      0.000000  9.961972E-19
 29      1850.000      256.7920      57.00000      3352.000      9959.778      5.522961      1.672266   0.001481843   3.153071E-18  3.119030E-18       1.010914      0.000000      0.000000      0.000000      0.000000      0.000000      0.000000  1.094003E-18
 30      1850.000      256.7920      59.00000      3351.000      9958.845      5.179497      1.672016   0.001389689   2.670822E-18  3.964864E-18      0.6736226      0.000000      0.000000      0.000000      0.000000      0.000000      0.000000  1.089029E-18
 31      1850.000      256.7920      61.00000      3352.000      9959.794      5.294817      1.672271   0.001420630   2.529171E-18  3.236912E-18      0.7813530      0.000000      0.000000      0.000000      0.000000      0.000000      0.000000  1.119548E-18
 32      1850.000      256.7920      63.00000      3351.000      9959.060      3.907270      1.672074   0.001048343   1.881961E-18  3.072205E-18      0.6125767      0.000000      0.000000      0.000000      0.000000      0.000000      0.000000  1.090750E-18
 33      1850.000      256.7920      65.00000      3351.000      9959.271      7.002082      1.672130   0.001878700   1.418141E-18  4.196229E-18      0.3379560      0.000000      0.000000      0.000000      0.000000      0.000000      0.000000  1.127775E-18
 34      1850.000      256.7920      67.00000      3351.000      9958.645      6.612628      1.671962   0.001774207   2.402449E-18  4.370132E-18      0.5497428      0.000000      0.000000      0.000000      0.000000      0.000000      0.000000  1.069866E-18
 35      1850.000      256.7920      69.00000      3350.000      9958.172      8.035471      1.671836   0.002155964   2.186289E-18  5.309971E-18      0.4117328      0.000000      0.000000      0.000000      0.000000      0.000000      0.000000  1.068743E-18
 36      1850.000      256.7920      71.00000      3351.000      9958.968      9.051709      1.672049   0.002428626   1.444570E-18  3.978462E-18      0.3630977      0.000000      0.000000      0.000000      0.000000      0.000000      0.000000  1.121116E-18
 37      1850.000      256.7920      73.00000      3350.000      9957.601      7.630597      1.671682   0.002047334   2.794956E-18  3.865119E-18      0.7231229      0.000000      0.000000      0.000000      0.000000      0.000000      0.000000  1.073008E-18
 38      1850.000      256.7920      75.00000      3350.000      9957.935      6.856105      1.671772   0.001839533   2.747066E-18  3.887974E-18      0.7065547      0.000000      0.000000      0.000000      0.000000      0.000000      0.000000  1.119671E-18
 39      1850.000      256.7920      77.00000      3351.000      9958.922      7.833713      1.672037   0.002101831   1.403983E-18  5.122780E-18      0.2740667      0.000000      0.000000      0.000000      0.000000      0.000000      0.000000  1.182506E-18
 40      1850.000      256.7920      79.00000      3350.000      9957.964      11.90419      1.671780   0.003193964   1.628289E-18  4.959064E-18      0.3283461      0.000000      0.000000      0.000000      0.000000      0.000000      0.000000  1.163158E-18
 41      1850.000      256.7920      81.00000      3352.000      9960.375      9.727619      1.672427   0.002609977   1.434774E-18  4.187549E-18      0.3426286      0.000000      0.000000      0.000000      0.000000      0.000000      0.000000  1.273511E-18
 42      1850.000      256.7920      83.00000      3351.000      9958.937      9.068497      1.672041   0.002433131  -8.234963E-20  6.805689E-18    -0.01210012      0.000000      0.000000      0.000000      0.000000      0.000000      0.000000  1.211542E-18
 43      1850.000      256.7920      85.00000      3350.000      9957.435      10.16482      1.671638   0.002727281   3.117070E-19  6.643322E-18     0.04692035      0.000000      0.000000      0.000000      0.000000      0.000000      0.000000  1.182149E-18
 44      1850.000      256.7920      87.00000      3351.000      9958.606      10.53136      1.671952   0.002825625  -5.372825E-19  6.633651E-18    -0.08099349      0.000000      0.000000      0.000000      0.000000      0.000000      0.000000  1.215478E-18
 45      1850.000      256.7920      89.00000      3352.000      9960.084      12.05838      1.672348   0.003235335  -6.067489E-19  6.428039E-18    -0.09439098      0.000000      0.000000      0.000000      0.000000      0.000000      0.000000  1.314462E-18
 46      1850.000      256.7920      91.00000      3348.000      9955.781      11.22842      1.671194   0.003012651  -2.780559E-18  3.986797E-18     -0.6974419      0.000000      0.000000      0.000000      0.000000      0.000000      0.000000  1.104600E-18
 47      1850.000      256.7920      93.00000      3349.000      9957.164      10.31169      1.671565   0.002766687  -2.008970E-18  4.935769E-18     -0.4070227      0.000000      0.000000      0.000000      0.000000      0.000000      0.000000  1.224806E-18
 48      1850.000      256.7920      95.00000      3348.000      9955.488      10.49349      1.671116   0.002815465  -3.618825E-18  5.631141E-18     -0.6426450      0.000000      0.000000      0.000000      0.000000      0.000000      0.000000  1.105836E-18
 49      1850.000      256.7920      97.00000      3348.000      9955.523      10.22475      1.671125   0.002743359  -3.478855E-18  4.719612E-18     -0.7371063      0.000000      0.000000      0.000000      0.000000      0.000000      0.000000  1.118989E-18
 50      1850.000      256.7920      99.00000      3347.000      9954.721      10.95627      1.670910   0.002939631  -3.993580E-18  6.811066E-18     -0.5863369      0.000000      0.000000      0.000000      0.000000      0.000000      0.000000  1.139599E-18
 51      1850.000      256.7920      101.0000      3349.000      9956.412      10.55445      1.671363   0.002831822  -2.630391E-18  6.511753E-18     -0.4039452      0.000000      0.000000      0.000000      0.000000      0.000000      0.000000  1.270760E-18
 52      1850.000      256.7920      103.0000      3348.000      9955.835      10.40062      1.671209   0.002790548  -4.387422E-18  1.806327E-17     -0.2428919      0.000000      0.000000      0.000000      0.000000      0.000000      0.000000  1.144845E-18
 53      1850.000      256.7920      105.0000      3348.000      9955.361      11.75718      1.671082   0.003154521  -4.330599E-18  7.482874E-18     -0.5787348      0.000000      0.000000      0.000000      0.000000      0.000000      0.000000  1.120988E-18
 54      1850.000      256.7920      107.0000      3349.000      9956.521      20.41628      1.671393   0.005477807  -2.616083E-18  4.558156E-18     -0.5739346      0.000000      0.000000      0.000000      0.000000      0.000000      0.000000  1.298927E-18
 55      1850.000      256.7920      109.0000      3347.000      9954.190      12.96900      1.670767   0.003479660  -4.281393E-18  4.338667E-18     -0.9867991      0.000000      0.000000      0.000000      0.000000      0.000000      0.000000  1.150235E-18
 56      1850.000      256.7920      111.0000      3348.000      9955.552      11.06122      1.671133   0.002967790  -4.144308E-18  5.995908E-18     -0.6911895      0.000000      0.000000      0.000000      0.000000      0.000000      0.000000  1.106945E-18
 57      1850.000      256.7920      113.0000      3346.000      9952.461      15.22465      1.670303   0.004084862  -6.109711E-18  5.100091E-18      -1.197961      0.000000      0.000000      0.000000      0.000000      0.000000      0.000000  1.122855E-18
 58      1850.000      256.7920      115.0000      3353.000      9960.981      1.578330      1.672589  0.0004234751  -1.612637E-18  6.863341E-18     -0.2349639      0.000000      0.000000      0.000000      0.000000      0.000000      0.000000  1.552286E-18
 59      1850.000      256.7920      117.0000      3344.000      9951.229      24.97556      1.669973   0.006701087  -6.350717E-18  3.419634E-18      -1.857134      0.000000      0.000000      0.000000      0.000000      0.000000      0.000000  1.112596E-18
 60      1850.000      256.7920      119.0000      3347.000      9954.650      14.44999      1.670891   0.003877015  -4.422503E-18  6.184953E-18     -0.7150422      0.000000      0.000000      0.000000      0.000000      0.000000      0.000000  1.146857E-18
 61      1850.000      256.7920      121.0000      3350.000      9958.322      9.925138      1.671876   0.002662972  -2.188884E-18  1.000500E-17     -0.2187790      0.000000      0.000000      0.000000      0.000000      0.000000      0.000000  1.360730E-18
 62      1850.000      256.7920      123.0000      3348.000      9955.922      22.24884      1.671232   0.005969493  -3.358732E-18  4.695346E-18     -0.7153321      0.000000      0.000000      0.000000      0.000000      0.000000      0.000000  1.124043E-18
 63      1850.000      256.7920      125.0000      3350.000      9958.049      14.61897      1.671803   0.003922354  -2.067690E-18  5.713356E-18     -0.3619047      0.000000      0.000000      0.000000      0.000000      0.000000      0.000000  1.349345E-18
 64      1850.000      256.7920      127.0000      3346.000      9953.396      16.16226      1.670554   0.004336430  -4.851081E-18  4.436601E-18      -1.093423      0.000000      0.000000      0.000000      0.000000      0.000000      0.000000  1.086283E-18
 65      1850.000      256.7920      129.0000      3339.000      9944.204      1.503997      1.668088  0.0004035311  -6.518885E-18  3.413488E-18      -1.909743      0.000000      0.000000      0.000000      0.000000      0.000000      0.000000  1.100037E-18
 66      1850.000      256.7920      131.0000      3370.000      9981.497     0.5315541      1.678094  0.0001426191  -1.067568E-18  2.444458E-18     -0.4367299      0.000000      0.000000      0.000000      0.000000      0.000000      0.000000  1.930639E-18
 67      1850.000      256.7920      133.0000      3352.000      9959.649      24.95959      1.672232   0.006696803  -3.121717E-18  3.109677E-18      -1.003872      0.000000      0.000000      0.000000      0.000000      0.000000      0.000000  1.439849E-18
 68      1850.000      256.7920      135.0000      3339.000      9945.089     0.4044450      1.668325  0.0001085149  -6.603982E-18  2.953499E-18      -2.235986      0.000000      0.000000      0.000000      0.000000      0.000000      0.000000  1.126156E-18
 69      1850.000      256.7920      137.0000      3348.000      9955.038      15.77099      1.670995   0.004231448  -4.152745E-18  4.584766E-18     -0.9057703      0.000000      0.000000      0.000000      0.000000      0.000000      0.000000  1.210279E-18
 70      1850.000      256.7920      139.0000      3341.000      9947.239      9.893722      1.668902   0.002654543  -7.129775E-18  3.224338E-18      -2.211237      0.000000      0.000000      0.000000      0.000000      0.000000      0.000000  1.257381E-18
 71      1850.000      256.7920      141.0000      3343.000      9948.924      4.246057      1.669354   0.001139242  -7.375580E-18  2.295338E-18      -3.213286      0.000000      0.000000      0.000000      0.000000      0.000000      0.000000  1.474477E-18
 72      1850.000      256.7920      143.0000      3346.000      9952.541      7.892745      1.670325   0.002117669  -6.235807E-18  2.528570E-18      -2.466140      0.000000      0.000000      0.000000      0.000000      0.000000      0.000000  1.779796E-18
 73      1850.000      256.7920      145.0000      3348.000      9954.980      19.83088      1.670979   0.005320740  -4.368873E-18  2.331195E-18      -1.874092      0.000000      0.000000      0.000000      0.000000      0.000000      0.000000  2.096710E-18
 74      1850.000      256.7920      147.0000      3335.000      9939.537      8.092353      1.666836   0.002171225   1.192985E-20  2.679001E-18    0.004453098      0.000000      0.000000      0.000000      0.000000      0.000000      0.000000  2.545301E-18
 75      1850.000      256.7920      149.0000      3336.000      9941.018      5.893791      1.667233   0.001581339   2.779731E-18  3.096035E-18      0.8978358      0.000000      0.000000      0.000000      0.000000      0.000000      0.000000  2.803811E-18
 76      1850.000      256.7920      151.0000      3337.000      9942.375      5.186233      1.667597   0.001391497   4.924017E-18  3.434492E-18       1.433696      0.000000      0.000000      0.000000      0.000000      0.000000      0.000000  3.075296E-18
 77      1850.000      256.7920      153.0000      3338.000      9943.888      4.487273      1.668003   0.001203962   6.373201E-18  3.906190E-18       1.631564      0.000000      0.000000      0.000000      0.000000      0.000000      0.000000  3.411881E-18
 78      1850.000      256.7920      155.0000      3339.000      9944.247      2.287741      1.668099  0.0006138143   9.867875E-18  3.939773E-18       2.504681      5.828503      2.361666      9940.960     0.2883737      7.415904     0.3495375  3.733497E-18
 79      1850.000      256.7920      157.0000      3339.000      9944.424      1.942216      1.668147  0.0005211078   1.138801E-17  4.200980E-18       2.710798      6.726257      2.524471      9941.034     0.2400595      7.399809     0.2726390  4.021332E-18
 80      1850.000      256.7920      159.0000      3340.000      9945.440      1.703742      1.668420  0.0004571240   1.285229E-17  4.463660E-18       2.879316      7.590350      2.687873      9941.115     0.2727970      7.447379     0.3630128  4.233043E-18
 81      1850.000      256.7920      161.0000      3340.000      9945.570      1.349000      1.668454  0.0003619446   1.372672E-17  4.648029E-18       2.953235      8.106670      2.801630      9941.276     0.2151909      7.371864     0.2548970  4.475023E-18
 82      1850.000      256.7920      163.0000      3340.000      9946.069      1.197017      1.668588  0.0003211666   1.495996E-17  4.903528E-18       3.050856      8.834545      2.959455      9941.365     0.2349980      7.383499     0.3100235  4.705513E-18
 83      1850.000      256.7920      165.0000      3341.000      9946.609      1.253131      1.668733  0.0003362224   1.694225E-17  5.139757E-18       3.296313      10.00463      3.112894      9941.446     0.2267814      7.441408     0.3005091  4.917934E-18
 84      1850.000      256.7920      167.0000      3341.000      9947.016      1.227862      1.668842  0.0003294425   2.011248E-17  5.233604E-18       3.842950      11.87622      3.197575      9941.602     0.2216247      7.657897     0.3369778  4.970560E-18
 85      1850.000      256.7920      169.0000      3341.000      9947.268     0.8923819      1.668910  0.0002394313   2.050163E-17  5.420974E-18       3.781909      12.10570      3.308527      9941.668     0.2228353      7.651502     0.2615933  5.235128E-18
 86      1850.000      256.7920      171.0000      3341.000      9947.507     0.7950565      1.668974  0.0002133183   2.136715E-17  5.589944E-18       3.822426      12.61646      3.413920      9941.704     0.1994140      7.567113     0.2869284  5.385652E-18
 87      1850.000      256.7920      173.0000      3342.000      9947.932     0.9960009      1.669088  0.0002672329   2.314043E-17  5.788250E-18       3.997828      13.66293      3.545692      9941.815     0.2399453      7.621576     0.2906913  5.545903E-18
 88      1850.000      256.7920      175.0000      3342.000      9948.240     0.8281189      1.669171  0.0002221891   2.615948E-17  5.762201E-18       4.539842      15.44501      3.565697      9941.863     0.2138075      7.730947     0.3022148  5.542719E-18
 89      1850.000      256.7920      177.0000      3342.000      9948.745     0.7872337      1.669306  0.0002112194   2.739049E-17  6.014757E-18       4.553881      16.17100      3.722825      9941.863     0.2150300      7.610991     0.2767346  5.793444E-18
 90      1850.000      256.7920      179.0000      3343.000      9948.927     0.7382149      1.669355  0.0001980674   2.927840E-17  6.111497E-18       4.790709      17.28528      3.800786      9941.897     0.2175225      7.683991     0.2866169  5.882777E-18
 91      1850.000      256.7920      181.0000      3343.000      9949.221     0.7515923      1.669434  0.0002016566   2.990480E-17  6.263821E-18       4.774210      17.65457      3.894080      9941.884     0.2492187      7.571043     0.3451123  5.971882E-18
 92      1850.000      256.7920      183.0000      3343.000      9949.461     0.6593000      1.669498  0.0001768940   3.148986E-17  6.134536E-18       5.133210      18.58988      3.842727      9941.990     0.2036708      7.728070     0.3061270  5.891693E-18
 93      1850.000      256.7920      185.0000      3343.000      9949.716     0.6644009      1.669567  0.0001782626   3.269453E-17  6.327083E-18       5.167395      19.30055      3.966199      9942.038     0.2433166      7.740428     0.3588454  6.055852E-18
 94      1850.000      256.7920      187.0000      3344.000      9950.042     0.7227098      1.669654  0.0001939073   3.392800E-17  6.390573E-18       5.309069      20.02805      4.018446      9942.099     0.2335615      7.732532     0.3354971  6.048573E-18
 95      1850.000      256.7920      189.0000      3344.000      9950.299     0.8532913      1.669723  0.0002289430   3.493600E-17  6.611989E-18       5.283735      20.62255      4.155217      9942.152     0.2807877      7.698088     0.4572430  6.052841E-18
 96      1850.000      256.7920      191.0000      3344.000      9950.856     0.6261436      1.669873  0.0001679980   3.584899E-17  6.372883E-18       5.625238      21.16030      4.036057      9942.251     0.2249017      7.648532     0.3840636  6.097086E-18
 97      1850.000      256.7920      193.0000      3344.000      9951.105     0.6187829      1.669940  0.0001660231   3.655589E-17  6.446738E-18       5.670448      21.57702      4.087054      9942.426     0.2958921      7.839655     0.4795191  6.096521E-18
 98      1850.000      256.7920      195.0000      3345.000      9951.619     0.5867320      1.670077  0.0001574236   3.851874E-17  6.423798E-18       5.996257      22.73441      4.104233      9942.532     0.2715366      7.924290     0.4052963  6.097466E-18
 99      1850.000      256.7920      197.0000      3345.000      9951.995     0.3372119      1.670178  9.047592E-05   3.950743E-17  6.072136E-18       6.506347      23.31706      3.929526      9942.718     0.5811337      8.229835     0.9607606  5.933405E-18
100      1850.000      256.7920      199.0000      3346.000      9952.444     0.4289300      1.670299  0.0001150844   3.839985E-17  6.276029E-18       6.118495      22.66236      4.021576      9942.921     0.6557839      8.056827      1.018287  6.015928E-18
101      1850.000      256.7920      201.0000      3346.000      9952.906     0.4305705      1.670423  0.0001155246   3.900763E-17  6.181623E-18       6.310257      23.01998      3.979986      9943.822      2.140963      9.331491      3.284941  5.861772E-18
102      1850.000      256.7920      203.0000      3346.000      9953.237     0.5087821      1.670511  0.0001365092   4.107627E-17  6.347689E-18       6.471059      24.23996      4.103595      9947.108      3.292121      14.03514      4.843648  5.963044E-18
103      1850.000      256.7920      205.0000      3346.000      9953.581     0.4123398      1.670604  0.0001106332   4.285558E-17  6.283342E-18       6.820506      25.28910      4.099244      9949.763      2.550045      17.43310      3.514770  5.873662E-18
104      1850.000      256.7920      207.0000      3347.000      9953.927     0.4004675      1.670696  0.0001074478   4.317939E-17  6.183337E-18       6.983187      25.47930      4.051529      9950.765      1.794909      18.13753      2.328492  5.851434E-18
105      1850.000      256.7920      209.0000      3347.000      9954.192     0.5461769      1.670768  0.0001465424   4.255952E-17  6.263286E-18       6.795079      25.11285      4.083143      9951.652      1.427994      18.48217      1.678554  5.689886E-18
106      1850.000      256.7920      211.0000      3347.000      9954.409     0.4402539      1.670826  0.0001181227   4.299019E-17  6.403802E-18       6.713228      25.36642      4.165612      9952.558     0.8265472      18.67216     0.6788610  5.822617E-18
107      1850.000      256.7920      213.0000      3348.000      9954.828     0.5636804      1.670938  0.0001512387   4.491177E-17  6.571307E-18       6.834527      26.49914      4.288179      9953.223     0.8711002      18.96069     0.6776802  5.839648E-18
108      1850.000      256.7920      215.0000      3348.000      9955.156     0.4154152      1.671026  0.0001114583   4.649141E-17  6.422291E-18       7.239069      27.43026      4.237147      9953.956     0.6413273      18.89513     0.5027775  5.891236E-18
109      1850.000      256.7920      217.0000      3348.000      9955.530     0.3866681      1.671127  0.0001037453   4.658510E-17  6.360920E-18       7.323643      27.48451      4.206363      9954.556     0.5401464      18.72216     0.4127511  5.819278E-18
110      1850.000      256.7920      219.0000      3348.000      9955.798     0.3633543      1.671199  9.749008E-05   4.872498E-17  6.491471E-18       7.505999      28.74623      4.314599      9955.113     0.5482109      18.65820     0.3688260  6.041842E-18
111      1850.000      256.7920      221.0000      3349.000      9956.125     0.3734826      1.671286  0.0001002075   5.013301E-17  6.704352E-18       7.477681      29.57595      4.452385      9955.591     0.6400930      18.42374     0.4352907  6.149302E-18
112      1850.000      256.7920      223.0000      3349.000      9956.540     0.5197868      1.671398  0.0001394618   5.377747E-17  7.276564E-18       7.390503      31.72468      4.820367      9955.925     0.6865235      18.48382     0.5758293  6.154991E-18
113      1850.000      256.7920      225.0000      3349.000      9956.922      2.838367      1.671500  0.0007615503   5.935921E-17  2.108535E-17       2.815187      35.01615      12.67164      9957.646      4.872077      13.05250      6.084983  6.517208E-18
114      1850.000      256.7920      227.0000      3350.000      9957.218     0.3348248      1.671580  8.983545E-05   6.141984E-17  7.274097E-18       8.443638      36.23064      4.968312      9956.864     0.5034584      18.42583     0.4006867  6.764123E-18
115      1850.000      256.7920      229.0000      3350.000      9957.692     0.5098419      1.671707  0.0001367935   6.440440E-17  7.765345E-18       8.293824      37.98938      5.279836      9957.282     0.5665603      18.83476     0.5573821  6.953388E-18
116      1850.000      256.7920      231.0000      3350.000      9957.998     0.4300273      1.671789  0.0001153788   6.786712E-17  8.031446E-18       8.450174      40.03065      5.486241      9957.464     0.4423879      18.73060     0.4492115  7.451004E-18
117      1850.000      256.7920      233.0000      3350.000      9958.295     0.4018877      1.671869  0.0001078288   7.170510E-17  8.469092E-18       8.466681      42.29318      5.787900      9957.834     0.4534035      18.64649     0.4665728  7.862057E-18
118      1850.000      256.7920      235.0000      3351.000      9958.817     0.3446547      1.672009  9.247287E-05   6.833388E-17  8.169121E-18       8.364900      40.30265      5.565556      9958.173     0.3965659      18.35758     0.3431730  7.736450E-18
119      1850.000      256.7920      237.0000      3352.000      9959.832     0.4577091      1.672281  0.0001228060   6.340252E-17  8.192660E-18       7.738942      37.39037      5.479365      9958.943     0.4431016      17.84788     0.3848503  7.717307E-18
120      1850.000      256.7920      239.0000      3354.000      9961.989     0.4122682      1.672860  0.0001106140   5.195403E-17  7.648256E-18       6.792925      30.63222      4.981840      9960.572      1.289722      15.54668      3.196363  7.418841E-18
121      1850.000      256.7920      241.0000      3359.000      9968.778     0.8014769      1.674681  0.0002150409   2.387801E-17  8.389341E-18       2.846232      14.06894      5.037771      9964.127     0.1224106      6.732630     0.4065455  8.303837E-18
122      1850.000      256.7920      243.0000      3409.000      10027.72      1.030034      1.690495  0.0002763640   6.798543E-18  5.650504E-18       1.203175      0.000000      0.000000      0.000000      0.000000      0.000000      0.000000  5.583323E-18
123      1850.000      256.7920      245.0000      3316.000      9917.549      4.373815      1.660936   0.001173520   2.091111E-17  9.180086E-18       2.277877      12.38449      5.503843      9920.093     0.1403376      8.917812     0.2086125  9.146153E-18
124      1850.000      256.7920      247.0000      3317.000      9918.254      5.071005      1.661125   0.001360580   2.126450E-17  9.213805E-18       2.307896      12.59289      5.525438      9920.103     0.1978109      9.059554     0.2957681  9.144783E-18
125      1850.000      256.7920      249.0000      3316.000      9917.715      5.313069      1.660981   0.001425527   2.150637E-17  9.193128E-18       2.339396      12.73681      5.515219      9920.066     0.1905518      9.126180     0.2480560  9.140162E-18
126      1850.000      256.7920      251.0000      3317.000      9918.699      4.593597      1.661245   0.001232489   1.882034E-17  9.237543E-18       2.037375      11.14495      5.524233      9920.050     0.1509755      9.001207     0.2064878  9.197306E-18
127      1850.000      256.7920      253.0000      3317.000      9918.734      4.980845      1.661254   0.001336390   1.882740E-17  9.252422E-18       2.034862      11.14909      5.532979      9920.024     0.1463547      8.944477     0.2163488  9.207922E-18
128      1850.000      256.7920      255.0000      3317.000      9918.388      6.351468      1.661161   0.001704136   2.044803E-17  9.090941E-18       2.249276      12.10921      5.448290      9919.973     0.2412010      9.079290     0.3194655  8.992598E-18
129      1850.000      256.7920      257.0000      3317.000      9918.452      4.478281      1.661179   0.001201549   2.046607E-17  9.023266E-18       2.268144      12.11981      5.408772      9920.050     0.1585387      9.139097     0.2457072  8.977680E-18
130      1850.000      256.7920      259.0000      3317.000      9917.972      3.465135      1.661050  0.0009297160   2.207270E-17  9.201499E-18       2.398816      13.07188      5.523715      9920.027     0.1303556      9.162018     0.2038666  9.169301E-18
131      1850.000      256.7920      261.0000      3317.000      9918.225      4.542725      1.661118   0.001218840   2.266168E-17  9.236950E-18       2.453372      13.42034      5.548267      9920.018     0.1644281      9.289627     0.2045205  9.193893E-18
132      1850.000      256.7920      263.0000      3317.000      9918.291      4.605466      1.661135   0.001235673   2.268185E-17  9.253199E-18       2.451244      13.43219      5.557855      9920.001     0.1445184      9.283177     0.2315637  9.206631E-18
133      1850.000      256.7920      265.0000      3317.000      9918.058      5.854967      1.661073   0.001570922   2.273224E-17  9.277694E-18       2.450204      13.46235      5.572633      9920.051     0.1933735      9.322418     0.3017669  9.206002E-18
134      1850.000      256.7920      267.0000      3316.000      9917.423      7.388390      1.660902   0.001982348   2.318427E-17  9.117304E-18       2.542887      13.73093      5.482529      9920.050     0.2606411      9.339892     0.3394449  8.990124E-18
135      1850.000      256.7920      269.0000      3316.000      9917.689      4.291834      1.660974   0.001151524   2.259094E-17  9.281668E-18       2.433931      13.37917      5.574198      9920.037     0.1667328      9.312230     0.2677623  9.228279E-18
136      1850.000      256.7920      271.0000      3317.000      9917.956      7.862621      1.661046   0.002109587   2.234269E-17  9.361090E-18       2.386762      13.23179      5.618773      9920.064     0.2756334      9.188275     0.4656086  9.231316E-18
137      1850.000      256.7920      273.0000      3317.000      9918.116      5.557150      1.661088   0.001491016   2.209083E-17  9.276122E-18       2.381472      13.08242      5.567357      9920.027     0.1795477      9.184428     0.2868522  9.212675E-18
138      1850.000      256.7920      275.0000      3317.000      9918.720      10.31374      1.661250   0.002767236   1.897641E-17  9.391577E-18       2.020578      11.23735      5.615440      9920.038     0.2514645      9.042384     0.4482141  9.235358E-18
139      1850.000      256.7920      277.0000      3317.000      9918.821      5.918629      1.661278   0.001588003   1.876560E-17  9.316383E-18       2.014259      11.11240      5.570090      9919.928     0.2292107      9.014539     0.2959311  9.226801E-18
140      1850.000      256.7920      279.0000      3316.000      9917.199      8.052210      1.660842   0.002160455   2.413153E-17  9.044779E-18       2.668007      14.29227      5.447253      9920.061     0.1950758      9.525581     0.3306744  8.960838E-18
141      1850.000      256.7920      281.0000      3315.000      9916.278      6.767696      1.660595   0.001815812   2.421813E-17  9.007045E-18       2.688798      14.34489      5.426427      9920.050     0.1667022      9.489099     0.2936637  8.942020E-18
