 AP       XCENTER       YCENTER        APSIZE       PIXPEAK          WAVE       WAVEERR             Z          ZERR        SIGNAL         NOISE         RATIO      BBEWREST   BBEWRESTERR       WAVEFIT    WAVEFITERR          FWHM       FWHMERR          FLIM
--- ------------- ------------- ------------- ------------- ------------- ------------- ------------- ------------- ------------- ------------- ------------- ------------- ------------- ------------- ------------- ------------- ------------- -------------
  1      714.0000      187.1910      1.000000      711.0000      4380.324      1.073429      1.670164  0.0006543426  1.230500E-18  2.068257E-19      5.949453     0.7262381     0.1319881      4380.217     0.6480728      9.013502      1.419717  9.833357E-20
  2      714.0000      187.1910      3.000000      711.0000      4381.361      1.309311      1.670796  0.0007981314  2.126913E-18  3.724599E-19      5.710449      1.255002     0.2362760      4380.155     0.6872768      8.708866      1.724746  1.334911E-19
  3      714.0000      187.1910      5.000000      711.0000      4381.129     0.8746772      1.670655  0.0005331870  3.469626E-18  3.945518E-19      8.793840      2.047389     0.2724624      4380.388     0.3722441      9.601558     0.9755572  1.678078E-19
  4      714.0000      187.1910      7.000000      711.0000      4381.022     0.8488358      1.670589  0.0005174345  4.546486E-18  4.852193E-19      9.369961      2.682898     0.3411446      4380.600     0.4104961      10.06799      1.143875  1.835461E-19
  5      714.0000      187.1910      9.000000      711.0000      4381.160     0.6618229      1.670674  0.0004034349  4.937360E-18  4.735337E-19      10.42663      2.913462     0.3444403      4380.581     0.3003089      9.481343     0.8897728  2.374482E-19
  6      714.0000      187.1910      11.00000      711.0000      4381.222     0.7152676      1.670712  0.0004360138  6.380583E-18  6.529198E-19      9.772385      3.765033     0.4649428      4380.726     0.4167006      10.10087     0.9049144  2.599264E-19
  7      714.0000      187.1910      13.00000      711.0000      4381.104     0.7310256      1.670639  0.0004456196  7.576526E-18  6.684493E-19      11.33448      4.470852     0.5011013      4380.838     0.3574563      10.64500     0.8500276  2.709311E-19
  8      714.0000      187.1910      15.00000      711.0000      4381.121     0.7065547      1.670650  0.0004307026  8.800319E-18  6.768039E-19      13.00276      5.192983     0.5369929      4380.868     0.3728026      10.87396     0.7241144  2.858211E-19
  9      714.0000      187.1910      17.00000      711.0000      4381.256     0.6099593      1.670732  0.0003718199  9.714021E-18  6.847999E-19      14.18520      5.731972     0.5659328      4380.901     0.3224890      10.94959     0.7782781  2.926016E-19
 10      714.0000      187.1910      19.00000      711.0000      4381.229     0.6437821      1.670716  0.0003924376  1.023867E-17  8.584044E-19      11.92755      6.041588     0.6564931      4381.041     0.3968117      10.71677     0.9320777  3.072983E-19
 11      714.0000      187.1910      21.00000      711.0000      4381.295     0.6593742      1.670756  0.0004019422  1.145963E-17  8.253942E-19      13.88383      6.761950     0.6750520      4381.187     0.3418022      10.91476     0.6955544  3.029861E-19
 12      714.0000      187.1910      23.00000      711.0000      4381.440     0.5104945      1.670845  0.0003111879  1.217209E-17  8.158677E-19      14.91920      7.182110     0.6915428      4381.236     0.2529998      10.89944     0.6269974  3.326008E-19
 13      714.0000      187.1910      25.00000      711.0000      4381.666     0.3903236      1.670982  0.0002379340  1.314849E-17  8.866177E-19      14.82995      7.757834     0.7491594      4381.418     0.3433092      10.88468     0.6141000  3.493016E-19
 14      714.0000      187.1910      27.00000      711.0000      4381.761     0.5422373      1.671040  0.0003305378  1.349870E-17  8.625553E-19      15.64966      7.964286     0.7497243      4381.559     0.2781790      10.82271     0.6121923  3.660143E-19
 15      714.0000      187.1910      29.00000      711.0000      4381.737     0.6460853      1.671026  0.0003938416  1.462893E-17  9.825047E-19      14.88942      8.631173     0.8318745      4381.792     0.3226226      10.86355     0.6794958  3.812108E-19
 16      714.0000      187.1910      31.00000      711.0000      4381.749     0.6059458      1.671032  0.0003693733  1.554408E-17  9.842841E-19      15.79227      9.171098     0.8597451      4381.889     0.2646762      10.95189     0.6997525  3.856821E-19
 17      714.0000      187.1910      33.00000      711.0000      4381.886     0.4037884      1.671116  0.0002461419  1.608470E-17  9.716080E-19      16.55472      9.489769     0.8711637      4381.932     0.2402833      10.86394     0.5963028  3.932426E-19
 18      714.0000      187.1910      35.00000      711.0000      4381.848     0.4690315      1.671093  0.0002859129  1.680715E-17  1.051602E-18      15.98242      9.916088     0.9245544      4382.106     0.2901632      10.85808     0.5727185  4.110359E-19
 19      714.0000      187.1910      37.00000      711.0000      4381.918     0.4932247      1.671136  0.0003006606  1.759903E-17  1.092394E-18      16.11052      10.38313     0.9646412      4382.190     0.2610549      10.96022     0.5526236  4.306380E-19
 20      714.0000      187.1910      39.00000      711.0000      4381.972     0.5300351      1.671169  0.0003230996  1.817400E-17  1.170855E-18      15.52199      10.72222      1.013178      4382.267     0.3080271      11.04174     0.5502539  4.569255E-19
 21      714.0000      187.1910      41.00000      712.0000      4382.046     0.4239603      1.671214  0.0002584383  1.865955E-17  1.159346E-18      16.09489      11.00849      1.023184      4382.307     0.2808418      11.16458     0.7077925  4.852631E-19
 22      714.0000      187.1910      43.00000      711.0000      4382.016     0.4601519      1.671196  0.0002805000  1.889376E-17  1.147939E-18      16.45886      11.14675      1.025860      4382.392     0.2543592      11.15811     0.5627438  4.834593E-19
 23      714.0000      187.1910      45.00000      712.0000      4382.165     0.4449100      1.671286  0.0002712089  1.962909E-17  1.179068E-18      16.64797      11.58018      1.060490      4382.495     0.2797594      11.31290     0.6632804  4.902498E-19
 24      714.0000      187.1910      47.00000      712.0000      4382.065     0.3993322      1.671226  0.0002434255  1.882619E-17  1.098131E-18      17.14385      11.10676      1.004584      4382.449     0.2299606      10.84873     0.4866942  4.900698E-19
 25      714.0000      187.1910      49.00000      712.0000      4382.177     0.4615501      1.671293  0.0002813523  1.997862E-17  1.247787E-18      16.01124      11.78635      1.098043      4382.575     0.2894115      11.17645     0.6536407  4.985267E-19
 26      714.0000      187.1910      51.00000      712.0000      4382.152     0.4411172      1.671279  0.0002688969  2.088428E-17  1.336922E-18      15.62117      12.32071      1.160795      4382.602     0.3212536      11.30613     0.5879175  5.382729E-19
 27      714.0000      187.1910      53.00000      712.0000      4382.166     0.4746135      1.671287  0.0002893156  2.069198E-17  1.263461E-18      16.37722      12.20723      1.125902      4382.561     0.2851082      11.08855     0.5545635  5.461968E-19
 28      714.0000      187.1910      55.00000      712.0000      4382.210     0.5171980      1.671314  0.0003152743  2.107658E-17  1.278941E-18      16.47971      12.43400      1.143697      4382.701     0.2320036      11.20512     0.5504938  5.807259E-19
 29      714.0000      187.1910      57.00000      712.0000      4382.217     0.4752871      1.671318  0.0002897262  2.037603E-17  1.253893E-18      16.25021      12.02069      1.112504      4382.538     0.2379285      11.05220     0.5949437  5.924291E-19
 30      714.0000      187.1910      59.00000      712.0000      4382.260     0.3693897      1.671344  0.0002251731  2.133899E-17  1.324682E-18      16.10876      12.58866      1.169603      4382.649     0.2741615      11.14631     0.6662156  6.002018E-19
 31      714.0000      187.1910      61.00000      712.0000      4382.167     0.5203746      1.671287  0.0003172107  2.070680E-17  1.297431E-18      15.95985      12.21597      1.139716      4382.630     0.2775521      10.87967     0.5747563  6.068165E-19
 32      714.0000      187.1910      63.00000      712.0000      4382.158     0.4346633      1.671282  0.0002649627  2.048588E-17  1.307662E-18      15.66604      12.08566      1.137145      4382.557     0.2647405      10.90413     0.5372545  6.273358E-19
 33      714.0000      187.1910      65.00000      712.0000      4382.238     0.3714722      1.671331  0.0002264425  2.120054E-17  1.368025E-18      15.49718      12.50704      1.182712      4382.636     0.2811363      10.91941     0.6381314  6.306060E-19
 34      714.0000      187.1910      67.00000      712.0000      4382.198     0.3429429      1.671306  0.0002090516  2.004574E-17  1.136402E-18      17.63965      11.82589      1.057227      4382.608     0.2039771      10.56278     0.4832726  6.583200E-19
 35      714.0000      187.1910      69.00000      712.0000      4382.274     0.3810329      1.671353  0.0002322706  2.120216E-17  1.336091E-18      15.86879      12.50790      1.169977      4382.733     0.2860446      10.81862     0.6197331  6.538653E-19
 36      714.0000      187.1910      71.00000      712.0000      4382.231     0.3398730      1.671327  0.0002071803  1.947456E-17  1.192000E-18      16.33772      11.48884      1.060767      4382.547     0.2424959      10.31767     0.5057811  6.845914E-19
 37      714.0000      187.1910      73.00000      712.0000      4382.251     0.4864615      1.671339  0.0002965379  2.084580E-17  1.427763E-18      14.60032      12.29773      1.196712      4382.640     0.2778425      10.81452     0.6735784  6.773294E-19
 38      714.0000      187.1910      75.00000      712.0000      4382.198     0.3385985      1.671306  0.0002064034  2.037566E-17  1.362050E-18      14.95955      12.02052      1.155907      4382.611     0.2434127      10.51699     0.5581329  6.772463E-19
 39      714.0000      187.1910      77.00000      712.0000      4382.294     0.4958555      1.671365  0.0003022643  2.089934E-17  1.370960E-18      15.24431      12.32919      1.174939      4382.672     0.2647445      10.80416     0.6657904  6.864553E-19
 40      714.0000      187.1910      79.00000      712.0000      4382.253     0.4918208      1.671340  0.0002998048  2.066821E-17  1.449729E-18      14.25660      12.19296      1.200773      4382.631     0.3037681      10.87573     0.5816983  7.114389E-19
 41      714.0000      187.1910      81.00000      712.0000      4382.194     0.4028109      1.671304  0.0002455460  1.942205E-17  1.219087E-18      15.93163      11.45796      1.069850      4382.572     0.2068220      10.33300     0.4786501  7.264151E-19
 42      714.0000      187.1910      83.00000      712.0000      4382.227     0.4122844      1.671324  0.0002513209  2.006141E-17  1.321642E-18      15.17915      11.83506      1.130145      4382.608     0.2427593      10.55742     0.5685248  7.261238E-19
 43      714.0000      187.1910      85.00000      712.0000      4382.199     0.4605194      1.671307  0.0002807241  2.070437E-17  1.469633E-18      14.08812      12.21444      1.210208      4382.695     0.3279152      10.84897     0.5860615  7.400736E-19
 44      714.0000      187.1910      87.00000      712.0000      4382.352     0.3997531      1.671400  0.0002436820  2.111731E-17  1.345214E-18      15.69810      12.45762      1.171042      4382.734     0.2311549      10.94272     0.5667423  7.607086E-19
 45      714.0000      187.1910      89.00000      712.0000      4382.355     0.5264633      1.671402  0.0003209223  1.978191E-17  1.479014E-18      13.37506      11.66982      1.188284      4382.717     0.2884735      10.51758     0.5584333  7.339949E-19
 46      714.0000      187.1910      91.00000      712.0000      4382.373     0.4131502      1.671413  0.0002518487  2.143440E-17  1.423252E-18      15.06017      12.64462      1.212002      4382.804     0.2676498      10.94190     0.4619789  7.657882E-19
 47      714.0000      187.1910      93.00000      712.0000      4382.383     0.5025314      1.671419  0.0003063338  1.961589E-17  1.443000E-18      13.59382      11.57181      1.168119      4382.695     0.2697833      10.50748     0.6238081  7.205504E-19
 48      714.0000      187.1910      95.00000      712.0000      4382.411     0.5011796      1.671436  0.0003055097  2.030309E-17  1.389760E-18      14.60907      11.97713      1.165168      4382.780     0.2518477      10.61066     0.6380624  7.323920E-19
 49      714.0000      187.1910      97.00000      712.0000      4382.550     0.4594973      1.671521  0.0002801010  1.955031E-17  1.365542E-18      14.31688      11.53268      1.133325      4382.793     0.2512047      10.39617     0.5287167  7.341571E-19
 50      714.0000      187.1910      99.00000      712.0000      4382.468     0.5334091      1.671471  0.0003251563  1.961308E-17  1.430778E-18      13.70798      11.56993      1.162774      4382.779     0.2699830      10.32814     0.6268666  7.564193E-19
 51      714.0000      187.1910      101.0000      712.0000      4382.404     0.4871489      1.671432  0.0002969569  1.862829E-17  1.365641E-18      13.64070      10.98916      1.107280      4382.715     0.2591504      9.903546     0.6430696  7.558792E-19
 52      714.0000      187.1910      103.0000      712.0000      4382.466     0.5481786      1.671470  0.0003341595  2.059890E-17  1.385670E-18      14.86566      12.15148      1.172072      4382.862     0.2458321      10.56053     0.5111537  7.767828E-19
 53      714.0000      187.1910      105.0000      712.0000      4382.551     0.5454925      1.671521  0.0003325221  2.017091E-17  1.397095E-18      14.43775      11.89878      1.164366      4382.868     0.2564853      10.50162     0.5609189  7.854166E-19
 54      714.0000      187.1910      107.0000      712.0000      4382.578     0.6036304      1.671538  0.0003679619  2.102222E-17  1.665298E-18      12.62370      12.40088      1.303782      4382.932     0.3462841      10.52005     0.6506578  8.111511E-19
 55      714.0000      187.1910      109.0000      712.0000      4382.534     0.5686723      1.671511  0.0003466521  1.923688E-17  1.542232E-18      12.47340      11.34783      1.201251      4382.855     0.3228860      10.06913     0.6536475  7.823288E-19
 56      714.0000      187.1910      111.0000      712.0000      4382.548     0.9694389      1.671520  0.0005909519  1.461989E-17  1.981298E-18      7.378948      8.624247      1.312028      4382.673     0.3447487      7.760858      1.112228  1.016829E-18
 57      714.0000      187.1910      113.0000      712.0000      4382.529     0.4732916      1.671508  0.0002885098  1.948695E-17  1.465401E-18      13.29803      11.49536      1.174180      4382.924     0.2775972      10.29171     0.6285111  8.087762E-19
 58      714.0000      187.1910      115.0000      712.0000      4382.432     0.6515044      1.671449  0.0003971450  1.863419E-17  1.557074E-18      11.96744      10.99257      1.192109      4382.893     0.3269947      9.821939     0.7492736  8.230288E-19
 59      714.0000      187.1910      117.0000      712.0000      4382.553     0.5293567      1.671523  0.0003226860  1.958974E-17  1.436796E-18      13.63433      11.55594      1.164678      4382.859     0.2944573      10.31981     0.5163063  8.182216E-19
 60      714.0000      187.1910      119.0000      712.0000      4382.568     0.3954310      1.671532  0.0002410474  1.961281E-17  1.253926E-18      15.64113      11.56951      1.089379      4382.875     0.2064071      10.27472     0.4877367  8.098478E-19
 61      714.0000      187.1910      121.0000      712.0000      4382.604     0.3912960      1.671554  0.0002385268  2.016497E-17  1.433545E-18      14.06651      11.89513      1.179500      4382.929     0.2522730      10.58290     0.5578011  8.184579E-19
 62      714.0000      187.1910      123.0000      712.0000      4382.592     0.5919899      1.671546  0.0003608660  2.019440E-17  1.501236E-18      13.45185      11.91252      1.209268      4382.966     0.2835475      10.58601     0.5940306  8.302029E-19
 63      714.0000      187.1910      125.0000      712.0000      4382.522     0.5546869      1.671504  0.0003381268  1.966795E-17  1.473817E-18      13.34491      11.60216      1.182833      4382.910     0.2796883      10.26203     0.6053525  8.005219E-19
 64      714.0000      187.1910      127.0000      712.0000      4382.547     0.5823640      1.671520  0.0003549983  1.999012E-17  1.375938E-18      14.52836      11.79214      1.150331      4382.960     0.2585981      10.53746     0.5328702  8.000802E-19
 65      714.0000      187.1910      129.0000      712.0000      4382.598     0.9556620      1.671550  0.0005825538  1.549169E-17  2.286639E-18      6.774875      9.138418      1.489462      4382.813     0.4200725      8.162577      1.179167  9.924556E-19
 66      714.0000      187.1910      131.0000      712.0000      4382.511     0.5302446      1.671497  0.0003232273  1.991636E-17  1.514588E-18      13.14969      11.74872      1.207415      4383.023     0.2952738      10.26552     0.6013448  8.164752E-19
 67      714.0000      187.1910      133.0000      712.0000      4382.598     0.5733562      1.671550  0.0003495073  1.960690E-17  1.475700E-18      13.28651      11.56594      1.181944      4382.914     0.2632770      10.12529     0.6709120  8.078671E-19
 68      714.0000      187.1910      135.0000      712.0000      4382.552     0.4457333      1.671522  0.0002717107  2.083877E-17  1.379910E-18      15.10154      12.29274      1.176726      4383.000     0.2305643      10.72678     0.4691232  8.236666E-19
 69      714.0000      187.1910      137.0000      712.0000      4382.552     0.4725833      1.671522  0.0002880780  2.027589E-17  1.490550E-18      13.60296      11.96070      1.206945      4382.900     0.2870576      10.61996     0.6402626  8.127428E-19
 70      714.0000      187.1910      139.0000      712.0000      4382.489     0.6007999      1.671484  0.0003662364  2.058324E-17  1.461568E-18      14.08299      12.14218      1.203273      4382.941     0.2618130      10.67399     0.5323832  8.256310E-19
 71      714.0000      187.1910      141.0000      712.0000      4382.598     0.5465299      1.671550  0.0003331545  2.021252E-17  1.576368E-18      12.82221      11.92320      1.242580      4382.968     0.2960771      10.43327     0.6597688  8.205009E-19
 72      714.0000      187.1910      143.0000      712.0000      4382.615     0.7742903      1.671561  0.0004719930  1.989112E-17  1.601157E-18      12.42297      11.73356      1.244977      4382.969     0.3241693      10.33728     0.6945928  8.256220E-19
 73      714.0000      187.1910      145.0000      712.0000      4382.650      1.007426      1.671582  0.0006141079  1.631770E-17  1.966386E-18      8.298324      9.625559      1.337232      4382.666     0.3522567      7.728639      1.000309  1.052762E-18
 74      714.0000      187.1910      147.0000      712.0000      4382.583     0.6233352      1.671541  0.0003799736  1.904621E-17  1.415033E-18      13.45990      11.23523      1.140149      4382.873     0.2680847      10.12557     0.5838014  8.268956E-19
 75      714.0000      187.1910      149.0000      712.0000      4382.699     0.6036352      1.671612  0.0003679648  2.211827E-17  1.953457E-18      11.32263      13.04708      1.463289      4383.122     0.3629321      11.07543     0.6881413  1.055202E-18
 76      714.0000      187.1910      151.0000      712.0000      4382.556     0.5192749      1.671525  0.0003165403  1.936930E-17  1.596396E-18      12.13314      11.42589      1.229084      4382.872     0.2997028      10.33168     0.6367763  8.260861E-19
 77      714.0000      187.1910      153.0000      712.0000      4382.495     0.5115625      1.671488  0.0003118390  2.038205E-17  1.605445E-18      12.69557      12.02348      1.260046      4382.929     0.2968447      10.56076     0.6663526  8.623348E-19
 78      714.0000      187.1910      155.0000      712.0000      4382.537     0.6187381      1.671513  0.0003771712  1.962596E-17  1.600411E-18      12.26308      11.57735      1.237647      4382.876     0.3226620      10.53321     0.7079229  8.413456E-19
 79      714.0000      187.1910      157.0000      712.0000      4382.551     0.4715754      1.671522  0.0002874636  1.939616E-17  1.379220E-18      14.06314      11.44175      1.134683      4382.862     0.2489609      10.29144     0.5019422  8.319795E-19
 80      714.0000      187.1910      159.0000      712.0000      4382.696     0.7167115      1.671610  0.0004368940  2.045626E-17  1.662261E-18      12.30629      12.06670      1.287326      4382.883     0.3352128      10.76544     0.8174227  8.661704E-19
 81      714.0000      187.1910      161.0000      712.0000      4382.634     0.6339533      1.671572  0.0003864461  2.205529E-17  1.899062E-18      11.61378      13.01012      1.436570      4383.081     0.3535209      11.22533     0.7323874  1.045254E-18
 82      714.0000      187.1910      163.0000      712.0000      4382.419     0.4815701      1.671441  0.0002935562  1.878324E-17  1.413158E-18      13.29168      11.08052      1.132100      4382.847     0.2682852      9.934452     0.6609390  8.465604E-19
 83      714.0000      187.1910      165.0000      712.0000      4382.545     0.6135762      1.671518  0.0003740247  2.019421E-17  1.730221E-18      11.67147      11.91254      1.311426      4382.953     0.3233394      10.51396     0.9092015  8.612883E-19
 84      714.0000      187.1910      167.0000      712.0000      4382.521     0.4059503      1.671504  0.0002474597  2.115824E-17  1.556102E-18      13.59695      12.48128      1.259772      4383.064     0.2671527      11.00862     0.5475296  9.624277E-19
 85      714.0000      187.1910      169.0000      712.0000      4382.621     0.6092688      1.671564  0.0003713989  2.056118E-17  1.608993E-18      12.77891      12.12880      1.266407      4383.009     0.3195357      10.78423     0.6758664  9.355574E-19
 86      714.0000      187.1910      171.0000      712.0000      4382.511     0.7952335      1.671497  0.0004847595  1.865808E-17  1.870351E-18      9.975708      11.00646      1.340224      4382.876     0.3976060      9.878930      1.037380  8.695675E-19
 87      714.0000      187.1910      173.0000      712.0000      4382.578     0.6100580      1.671538  0.0003718800  1.993457E-17  1.540369E-18      12.94143      11.75929      1.219189      4382.916     0.2881786      10.55194     0.6761510  8.806289E-19
 88      714.0000      187.1910      175.0000      712.0000      4382.739     0.5804917      1.671636  0.0003538569  2.095203E-17  1.786768E-18      11.72622      12.35902      1.356734      4383.057     0.3394812      10.80650     0.6432959  9.896426E-19
 89      714.0000      187.1910      177.0000      712.0000      4382.744     0.6722695      1.671639  0.0004098030  2.110217E-17  1.763438E-18      11.96649      12.44758      1.349964      4383.025     0.3276161      10.97600     0.7887542  1.011092E-18
 90      714.0000      187.1910      179.0000      712.0000      4382.805     0.5734276      1.671676  0.0003495508  2.100133E-17  1.710058E-18      12.28107      12.38792      1.323171      4383.022     0.2914347      10.93699     0.6384105  1.033704E-18
 91      714.0000      187.1910      181.0000      712.0000      4382.732     0.4150114      1.671632  0.0002529832  2.156798E-17  1.619254E-18      13.31970      12.72238      1.298366      4383.118     0.2857729      11.08715     0.6009424  1.120697E-18
 92      714.0000      187.1910      183.0000      712.0000      4382.835     0.5632062      1.671695  0.0003433200  2.118841E-17  1.663876E-18      12.73437      12.49818      1.307542      4383.156     0.2851619      11.03825     0.6083232  1.100453E-18
 93      714.0000      187.1910      185.0000      712.0000      4382.951     0.7597962      1.671766  0.0004631576  2.246957E-17  2.259153E-18      9.946017      13.25354      1.617111      4383.363     0.4241051      11.40654     0.7552505  1.281880E-18
 94      714.0000      187.1910      187.0000      712.0000      4382.796     0.5092204      1.671671  0.0003104113  1.832196E-17  1.540386E-18      11.89440      10.80748      1.176316      4383.034     0.2515833      9.803708     0.7063638  1.039600E-18
 95      714.0000      187.1910      189.0000      712.0000      4382.721     0.5764605      1.671625  0.0003513996  1.896156E-17  1.878136E-18      10.09595      11.18495      1.350986      4383.062     0.3749006      10.23132     0.8983368  1.049871E-18
 96      714.0000      187.1910      191.0000      712.0000      4382.876     0.5547148      1.671720  0.0003381438  2.120274E-17  1.844072E-18      11.49778      12.50652      1.389451      4383.245     0.3377613      10.89329     0.6842238  1.163226E-18
 97      714.0000      187.1910      193.0000      712.0000      4382.864     0.8731108      1.671712  0.0005322321  1.883404E-17  2.656892E-18      7.088747      11.10936      1.745224      4383.058     0.5757477      10.09601      1.397848  1.053383E-18
 98      714.0000      187.1910      195.0000      712.0000      4382.970     0.5375839      1.671777  0.0003277012  1.939031E-17  1.586674E-18      12.22073      11.43721      1.225132      4383.148     0.2420686      10.24742     0.5314317  1.064834E-18
 99      714.0000      187.1910      197.0000      712.0000      4382.872     0.4783499      1.671717  0.0002915932  1.822913E-17  1.512676E-18      12.05091      10.75253      1.161290      4383.018     0.2566085      9.549537     0.6118764  1.120954E-18
100      714.0000      187.1910      199.0000      712.0000      4382.881     0.3696189      1.671723  0.0002253128  1.865908E-17  1.627437E-18      11.46532      11.00612      1.224883      4383.104     0.2730242      9.667910     0.6020821  1.118067E-18
101      714.0000      187.1910      201.0000      712.0000      4382.843     0.4900138      1.671700  0.0002987033  2.103063E-17  1.607415E-18      13.08351      12.40510      1.278406      4383.220     0.2165499      10.59108     0.4918461  1.160111E-18
102      714.0000      187.1910      203.0000      712.0000      4382.772     0.5554830      1.671656  0.0003386121  2.047097E-17  1.847808E-18      11.07852      12.07517      1.372866      4383.215     0.3483179      10.35344     0.7818028  1.151405E-18
103      714.0000      187.1910      205.0000      712.0000      4382.935     0.4926775      1.671756  0.0003003270  2.053220E-17  1.728059E-18      11.88165      12.11084      1.319021      4383.156     0.2894215      10.46358     0.6257794  1.164427E-18
104      714.0000      187.1910      207.0000      712.0000      4382.834     0.6782119      1.671695  0.0004134254  2.051808E-17  1.758351E-18      11.66893      12.10278      1.332545      4383.137     0.2674267      10.22057     0.7682520  1.169047E-18
105      714.0000      187.1910      209.0000      712.0000      4382.798     0.3629599      1.671672  0.0002212536  2.069117E-17  1.680315E-18      12.31386      12.20499      1.301614      4383.080     0.2613962      10.51480     0.5844305  1.188675E-18
106      714.0000      187.1910      211.0000      712.0000      4382.850     0.5886343      1.671704  0.0003588205  2.093870E-17  1.864458E-18      11.23045      12.35085      1.392265      4383.186     0.3099377      10.53976     0.6219635  1.219212E-18
107      714.0000      187.1910      213.0000      712.0000      4383.017     0.4810801      1.671805  0.0002932575  2.242766E-17  1.849488E-18      12.12642      13.22862      1.423467      4383.284     0.2882459      10.92394     0.5274246  1.298868E-18
108      714.0000      187.1910      215.0000      712.0000      4382.780     0.4715563      1.671661  0.0002874520  2.083937E-17  1.682771E-18      12.38396      12.29246      1.306645      4383.212     0.2385594      10.34131     0.4930447  1.236619E-18
109      714.0000      187.1910      217.0000      712.0000      4382.769     0.4964910      1.671654  0.0003026517  2.072012E-17  1.734917E-18      11.94300      12.22214      1.327064      4383.273     0.2845352      10.33773     0.6445020  1.240029E-18
110      714.0000      187.1910      219.0000      712.0000      4382.714     0.3609605      1.671621  0.0002200348  1.745909E-17  1.614863E-18      10.81150      10.29869      1.189203      4383.041     0.1599613      8.934481     0.5511889  1.362854E-18
111      714.0000      187.1910      221.0000      712.0000      4382.906     0.5820761      1.671738  0.0003548228  2.050451E-17  1.845150E-18      11.11265      12.09459      1.372413      4383.242     0.2548919      10.25871     0.6903195  1.251941E-18
112      714.0000      187.1910      223.0000      712.0000      4382.845     0.4382805      1.671701  0.0002671676  2.123637E-17  1.737260E-18      12.22406      12.52645      1.341596      4383.282     0.2384644      10.58775     0.5744327  1.265359E-18
113      714.0000      187.1910      225.0000      712.0000      4382.567     0.5751866      1.671532  0.0003506231  1.985246E-17  2.016107E-18      9.846928      11.71088      1.438664      4383.199     0.2936385      9.903227     0.9192054  1.267488E-18
114      714.0000      187.1910      227.0000      712.0000      4382.875     0.5446706      1.671719  0.0003320211  1.971345E-17  1.913743E-18      10.30099      11.62806      1.385770      4383.167     0.2922002      9.955068     0.7935816  1.269809E-18
115      714.0000      187.1910      229.0000      712.0000      4382.778     0.4047326      1.671660  0.0002467174  2.052669E-17  1.734200E-18      11.83640      12.10802      1.321727      4383.240     0.2364563      10.10908     0.6676890  1.242488E-18
116      714.0000      187.1910      231.0000      712.0000      4382.786     0.5453990      1.671665  0.0003324651  1.991222E-17  1.884439E-18      10.56665      11.74554      1.376519      4383.205     0.2812702      9.948726     0.6313388  1.272401E-18
117      714.0000      187.1910      233.0000      712.0000      4382.825     0.5781018      1.671689  0.0003524001  1.958648E-17  1.853281E-18      10.56854      11.55330      1.353831      4383.185     0.3062199      9.624903     0.6714101  1.247480E-18
118      714.0000      187.1910      235.0000      712.0000      4382.844     0.6103492      1.671700  0.0003720575  1.971013E-17  1.877195E-18      10.49978      11.62618      1.368196      4383.240     0.3162894      9.674856     0.7760660  1.265686E-18
119      714.0000      187.1910      237.0000      712.0000      4382.754     0.5108678      1.671646  0.0003114155  1.932013E-17  1.919013E-18      10.06774      11.39637      1.379117      4383.247     0.2683964      9.574963     0.8293985  1.298929E-18
120      714.0000      187.1910      239.0000      712.0000      4382.874     0.5112214      1.671719  0.0003116311  2.041314E-17  1.716911E-18      11.88946      12.04078      1.310876      4383.353     0.2503867      10.02592     0.5611723  1.236386E-18
121      714.0000      187.1910      241.0000      712.0000      4382.786     0.6064287      1.671665  0.0003696677  1.956616E-17  1.878272E-18      10.41711      11.54142      1.365290      4383.331     0.2804225      9.664539     0.7320493  1.268737E-18
122      714.0000      187.1910      243.0000      712.0000      4382.718     0.5462022      1.671623  0.0003329547  1.949233E-17  1.907054E-18      10.22118      11.49805      1.377385      4383.311     0.2777863      9.690403     0.7890185  1.282620E-18
123      714.0000      187.1910      245.0000      712.0000      4382.691     0.5876516      1.671607  0.0003582215  1.986113E-17  1.896788E-18      10.47092      11.71566      1.381215      4383.316     0.2681896      9.680280     0.7671084  1.312600E-18
124      714.0000      187.1910      247.0000      712.0000      4382.700     0.3716606      1.671613  0.0002265574  2.065861E-17  1.724032E-18      11.98273      12.18605      1.320539      4383.447     0.2622617      10.12610     0.5032363  1.275160E-18
125      714.0000      187.1910      249.0000      712.0000      4382.739     0.5804917      1.671636  0.0003538569  2.017602E-17  1.865551E-18      10.81505      11.90128      1.373966      4383.362     0.2746621      9.761095     0.7110437  1.357322E-18
126      714.0000      187.1910      251.0000      712.0000      4382.735     0.6274257      1.671634  0.0003824670  1.878894E-17  2.157552E-18      8.708453      11.08309      1.485489      4383.278     0.2777678      8.918277     0.7993391  1.607376E-18
127      714.0000      187.1910      253.0000      712.0000      4382.725     0.4761961      1.671628  0.0002902803  2.057861E-17  1.994753E-18      10.31637      12.13880      1.445206      4383.377     0.3074531      10.00884     0.7397812  1.385827E-18
128      714.0000      187.1910      255.0000      712.0000      4382.730     0.5786687      1.671631  0.0003527456  2.066328E-17  1.955320E-18      10.56772      12.18872      1.428363      4383.396     0.2425423      9.958393     0.7022093  1.385670E-18
129      714.0000      187.1910      257.0000      712.0000      4382.666     0.6919945      1.671592  0.0004218270  2.042712E-17  2.094794E-18      9.751373      12.04960      1.490203      4383.359     0.3002310      9.969488     0.7140828  1.447007E-18
130      714.0000      187.1910      259.0000      712.0000      4382.618     0.7713307      1.671562  0.0004701888  1.886865E-17  2.452914E-18      7.692341      11.13041      1.638791      4383.258     0.3829911      9.113922      1.205471  1.654715E-18
131      714.0000      187.1910      261.0000      712.0000      4382.834     0.4280788      1.671694  0.0002609489  1.972282E-17  2.068128E-18      9.536553      11.63369      1.461129      4383.389     0.2646693      9.557758     0.8374854  1.568318E-18
132      714.0000      187.1910      263.0000      712.0000      4382.696     0.6508584      1.671610  0.0003967512  1.971984E-17  2.141261E-18      9.209450      11.63230      1.497315      4383.500     0.3098331      9.479166     0.7996532  1.567653E-18
133      714.0000      187.1910      265.0000      712.0000      4382.762     0.5933885      1.671650  0.0003617186  2.100138E-17  2.009700E-18      10.45001      12.38807      1.462408      4383.520     0.2457079      10.12348     0.6038502  1.505832E-18
134      714.0000      187.1910      267.0000      712.0000      4382.770     0.8169289      1.671655  0.0004979847  2.108792E-17  2.282426E-18      9.239256      12.43910      1.597492      4383.439     0.3685642      9.970195     0.7808231  1.521276E-18
135      714.0000      187.1910      269.0000      712.0000      4382.667     0.6068733      1.671593  0.0003699387  2.070854E-17  2.267304E-18      9.133555      12.21560      1.581706      4383.425     0.3375929      9.654504     0.8333015  1.611835E-18
136      714.0000      187.1910      271.0000      712.0000      4382.676     0.6673095      1.671598  0.0004067795  2.145300E-17  2.097837E-18      10.22624      12.65471      1.515444      4383.381     0.2654868      10.04842     0.7209486  1.555857E-18
137      714.0000      187.1910      273.0000      712.0000      4382.737     0.7694852      1.671635  0.0004690639  2.080785E-17  2.253222E-18      9.234708      12.27398      1.576839      4383.490     0.3829882      9.824128     0.7839276  1.595640E-18
138      714.0000      187.1910      275.0000      712.0000      4382.544     0.9514706      1.671518  0.0005799988  1.985209E-17  2.610805E-18      7.603821      11.71072      1.739902      4383.480     0.3755815      9.363102     0.9306659  1.801627E-18
139      714.0000      187.1910      277.0000      712.0000      4382.737     0.7694852      1.671635  0.0004690639  2.139373E-17  2.225965E-18      9.610993      12.61958      1.576404      4383.472     0.3249696      10.16179     0.8108459  1.589458E-18
140      714.0000      187.1910      279.0000      712.0000      4382.570     0.4411814      1.671533  0.0002689360  2.225418E-17  1.955187E-18      11.38212      13.12763      1.467556      4383.475     0.2884209      10.57184     0.4758140  1.527369E-18
141      714.0000      187.1910      281.0000      712.0000      4382.790     0.7173881      1.671667  0.0004373064  2.381100E-17  2.188290E-18      10.88110      14.04529      1.615178      4383.490     0.3194904      10.97430     0.5880675  1.560919E-18
