  1      729.0000      257.7520      1.000000      0.000000      0.000000      0.000000      0.000000      0.000000      0.000000      0.000000      0.000000      0.000000      0.000000      0.000000      0.000000      0.000000      0.000000      0.000000
  2      729.0000      257.7520      3.000000      0.000000      0.000000      0.000000      0.000000      0.000000      0.000000      0.000000      0.000000      0.000000      0.000000      0.000000      0.000000      0.000000      0.000000      0.000000
  3      729.0000      257.7520      5.000000      0.000000      0.000000      0.000000      0.000000      0.000000      0.000000      0.000000      0.000000      0.000000      0.000000      0.000000      0.000000      0.000000      0.000000      0.000000
  4      729.0000      257.7520      7.000000      0.000000      0.000000      0.000000      0.000000      0.000000      0.000000      0.000000      0.000000      0.000000      0.000000      0.000000      0.000000      0.000000      0.000000      0.000000
  5      729.0000      257.7520      9.000000      0.000000      0.000000      0.000000      0.000000      0.000000      0.000000      0.000000      0.000000      0.000000      0.000000      0.000000      0.000000      0.000000      0.000000      0.000000
  6      729.0000      257.7520      11.00000      0.000000      0.000000      0.000000      0.000000      0.000000      0.000000      0.000000      0.000000      0.000000      0.000000      0.000000      0.000000      0.000000      0.000000      0.000000
  7      729.0000      257.7520      13.00000      0.000000      0.000000      0.000000      0.000000      0.000000      0.000000      0.000000      0.000000      0.000000      0.000000      0.000000      0.000000      0.000000      0.000000      0.000000
  8      729.0000      257.7520      15.00000      0.000000      0.000000      0.000000      0.000000      0.000000      0.000000      0.000000      0.000000      0.000000      0.000000      0.000000      0.000000      0.000000      0.000000      0.000000
  9      729.0000      257.7520      17.00000      0.000000      0.000000      0.000000      0.000000      0.000000      0.000000      0.000000      0.000000      0.000000      0.000000      0.000000      0.000000      0.000000      0.000000      0.000000
 10      729.0000      257.7520      19.00000      0.000000      0.000000      0.000000      0.000000      0.000000      0.000000      0.000000      0.000000      0.000000      0.000000      0.000000      0.000000      0.000000      0.000000      0.000000
 11      729.0000      257.7520      21.00000      0.000000      0.000000      0.000000      0.000000      0.000000      0.000000      0.000000      0.000000      0.000000      0.000000      0.000000      0.000000      0.000000      0.000000      0.000000
 12      729.0000      257.7520      23.00000      0.000000      0.000000      0.000000      0.000000      0.000000      0.000000      0.000000      0.000000      0.000000      0.000000      0.000000      0.000000      0.000000      0.000000      0.000000
 13      729.0000      257.7520      25.00000      0.000000      0.000000      0.000000      0.000000      0.000000      0.000000      0.000000      0.000000      0.000000      0.000000      0.000000      0.000000      0.000000      0.000000      0.000000
 14      729.0000      257.7520      27.00000      0.000000      0.000000      0.000000      0.000000      0.000000      0.000000      0.000000      0.000000      0.000000      0.000000      0.000000      0.000000      0.000000      0.000000      0.000000
 15      729.0000      257.7520      29.00000      0.000000      0.000000      0.000000      0.000000      0.000000      0.000000      0.000000      0.000000      0.000000      0.000000      0.000000      0.000000      0.000000      0.000000      0.000000
 16      729.0000      257.7520      31.00000      0.000000      0.000000      0.000000      0.000000      0.000000      0.000000      0.000000      0.000000      0.000000      0.000000      0.000000      0.000000      0.000000      0.000000      0.000000
 17      729.0000      257.7520      33.00000      0.000000      0.000000      0.000000      0.000000      0.000000      0.000000      0.000000      0.000000      0.000000      0.000000      0.000000      0.000000      0.000000      0.000000      0.000000
 18      729.0000      257.7520      35.00000      0.000000      0.000000      0.000000      0.000000      0.000000      0.000000      0.000000      0.000000      0.000000      0.000000      0.000000      0.000000      0.000000      0.000000      0.000000
 19      729.0000      257.7520      37.00000      0.000000      0.000000      0.000000      0.000000      0.000000      0.000000      0.000000      0.000000      0.000000      0.000000      0.000000      0.000000      0.000000      0.000000      0.000000
 20      729.0000      257.7520      39.00000      0.000000      0.000000      0.000000      0.000000      0.000000      0.000000      0.000000      0.000000      0.000000      0.000000      0.000000      0.000000      0.000000      0.000000      0.000000
 21      729.0000      257.7520      41.00000      0.000000      0.000000      0.000000      0.000000      0.000000      0.000000      0.000000      0.000000      0.000000      0.000000      0.000000      0.000000      0.000000      0.000000      0.000000
 22      729.0000      257.7520      43.00000      0.000000      0.000000      0.000000      0.000000      0.000000      0.000000      0.000000      0.000000      0.000000      0.000000      0.000000      0.000000      0.000000      0.000000      0.000000
 23      729.0000      257.7520      45.00000      0.000000      0.000000      0.000000      0.000000      0.000000      0.000000      0.000000      0.000000      0.000000      0.000000      0.000000      0.000000      0.000000      0.000000      0.000000
 24      729.0000      257.7520      47.00000      0.000000      0.000000      0.000000      0.000000      0.000000      0.000000      0.000000      0.000000      0.000000      0.000000      0.000000      0.000000      0.000000      0.000000      0.000000
 25      729.0000      257.7520      49.00000      0.000000      0.000000      0.000000      0.000000      0.000000      0.000000      0.000000      0.000000      0.000000      0.000000      0.000000      0.000000      0.000000      0.000000      0.000000
 26      729.0000      257.7520      51.00000      0.000000      0.000000      0.000000      0.000000      0.000000      0.000000      0.000000      0.000000      0.000000      0.000000      0.000000      0.000000      0.000000      0.000000      0.000000
 27      729.0000      257.7520      53.00000      0.000000      0.000000      0.000000      0.000000      0.000000      0.000000      0.000000      0.000000      0.000000      0.000000      0.000000      0.000000      0.000000      0.000000      0.000000
 28      729.0000      257.7520      55.00000      0.000000      0.000000      0.000000      0.000000      0.000000      0.000000      0.000000      0.000000      0.000000      0.000000      0.000000      0.000000      0.000000      0.000000      0.000000
 29      729.0000      257.7520      57.00000      0.000000      0.000000      0.000000      0.000000      0.000000      0.000000      0.000000      0.000000      0.000000      0.000000      0.000000      0.000000      0.000000      0.000000      0.000000
 30      729.0000      257.7520      59.00000      0.000000      0.000000      0.000000      0.000000      0.000000      0.000000      0.000000      0.000000      0.000000      0.000000      0.000000      0.000000      0.000000      0.000000      0.000000
 31      729.0000      257.7520      61.00000      0.000000      0.000000      0.000000      0.000000      0.000000      0.000000      0.000000      0.000000      0.000000      0.000000      0.000000      0.000000      0.000000      0.000000      0.000000
 32      729.0000      257.7520      63.00000      0.000000      0.000000      0.000000      0.000000      0.000000      0.000000      0.000000      0.000000      0.000000      0.000000      0.000000      0.000000      0.000000      0.000000      0.000000
 33      729.0000      257.7520      65.00000      0.000000      0.000000      0.000000      0.000000      0.000000      0.000000      0.000000      0.000000      0.000000      0.000000      0.000000      0.000000      0.000000      0.000000      0.000000
 34      729.0000      257.7520      67.00000      0.000000      0.000000      0.000000      0.000000      0.000000      0.000000      0.000000      0.000000      0.000000      0.000000      0.000000      0.000000      0.000000      0.000000      0.000000
 35      729.0000      257.7520      69.00000      0.000000      0.000000      0.000000      0.000000      0.000000      0.000000      0.000000      0.000000      0.000000      0.000000      0.000000      0.000000      0.000000      0.000000      0.000000
 36      729.0000      257.7520      71.00000      0.000000      0.000000      0.000000      0.000000      0.000000      0.000000      0.000000      0.000000      0.000000      0.000000      0.000000      0.000000      0.000000      0.000000      0.000000
 37      729.0000      257.7520      73.00000      0.000000      0.000000      0.000000      0.000000      0.000000      0.000000      0.000000      0.000000      0.000000      0.000000      0.000000      0.000000      0.000000      0.000000      0.000000
 38      729.0000      257.7520      75.00000      0.000000      0.000000      0.000000      0.000000      0.000000      0.000000      0.000000      0.000000      0.000000      0.000000      0.000000      0.000000      0.000000      0.000000      0.000000
 39      729.0000      257.7520      77.00000      0.000000      0.000000      0.000000      0.000000      0.000000      0.000000      0.000000      0.000000      0.000000      0.000000      0.000000      0.000000      0.000000      0.000000      0.000000
 40      729.0000      257.7520      79.00000      0.000000      0.000000      0.000000      0.000000      0.000000      0.000000      0.000000      0.000000      0.000000      0.000000      0.000000      0.000000      0.000000      0.000000      0.000000
 41      729.0000      257.7520      81.00000      0.000000      0.000000      0.000000      0.000000      0.000000      0.000000      0.000000      0.000000      0.000000      0.000000      0.000000      0.000000      0.000000      0.000000      0.000000
 42      729.0000      257.7520      83.00000      0.000000      0.000000      0.000000      0.000000      0.000000      0.000000      0.000000      0.000000      0.000000      0.000000      0.000000      0.000000      0.000000      0.000000      0.000000
 43      729.0000      257.7520      85.00000      0.000000      0.000000      0.000000      0.000000      0.000000      0.000000      0.000000      0.000000      0.000000      0.000000      0.000000      0.000000      0.000000      0.000000      0.000000
 44      729.0000      257.7520      87.00000      0.000000      0.000000      0.000000      0.000000      0.000000      0.000000      0.000000      0.000000      0.000000      0.000000      0.000000      0.000000      0.000000      0.000000      0.000000
 45      729.0000      257.7520      89.00000      0.000000      0.000000      0.000000      0.000000      0.000000      0.000000      0.000000      0.000000      0.000000      0.000000      0.000000      0.000000      0.000000      0.000000      0.000000
 46      729.0000      257.7520      91.00000      0.000000      0.000000      0.000000      0.000000      0.000000      0.000000      0.000000      0.000000      0.000000      0.000000      0.000000      0.000000      0.000000      0.000000      0.000000
 47      729.0000      257.7520      93.00000      0.000000      0.000000      0.000000      0.000000      0.000000      0.000000      0.000000      0.000000      0.000000      0.000000      0.000000      0.000000      0.000000      0.000000      0.000000
 48      729.0000      257.7520      95.00000      0.000000      0.000000      0.000000      0.000000      0.000000      0.000000      0.000000      0.000000      0.000000      0.000000      0.000000      0.000000      0.000000      0.000000      0.000000
 49      729.0000      257.7520      97.00000      0.000000      0.000000      0.000000      0.000000      0.000000      0.000000      0.000000      0.000000      0.000000      0.000000      0.000000      0.000000      0.000000      0.000000      0.000000
 50      729.0000      257.7520      99.00000      0.000000      0.000000      0.000000      0.000000      0.000000      0.000000      0.000000      0.000000      0.000000      0.000000      0.000000      0.000000      0.000000      0.000000      0.000000
 51      729.0000      257.7520      101.0000      0.000000      0.000000      0.000000      0.000000      0.000000      0.000000      0.000000      0.000000      0.000000      0.000000      0.000000      0.000000      0.000000      0.000000      0.000000
 52      729.0000      257.7520      103.0000      0.000000      0.000000      0.000000      0.000000      0.000000      0.000000      0.000000      0.000000      0.000000      0.000000      0.000000      0.000000      0.000000      0.000000      0.000000
 53      729.0000      257.7520      105.0000      0.000000      0.000000      0.000000      0.000000      0.000000      0.000000      0.000000      0.000000      0.000000      0.000000      0.000000      0.000000      0.000000      0.000000      0.000000
 54      729.0000      257.7520      107.0000      0.000000      0.000000      0.000000      0.000000      0.000000      0.000000      0.000000      0.000000      0.000000      0.000000      0.000000      0.000000      0.000000      0.000000      0.000000
 55      729.0000      257.7520      109.0000      0.000000      0.000000      0.000000      0.000000      0.000000      0.000000      0.000000      0.000000      0.000000      0.000000      0.000000      0.000000      0.000000      0.000000      0.000000
 56      729.0000      257.7520      111.0000      0.000000      0.000000      0.000000      0.000000      0.000000      0.000000      0.000000      0.000000      0.000000      0.000000      0.000000      0.000000      0.000000      0.000000      0.000000
 57      729.0000      257.7520      113.0000      0.000000      0.000000      0.000000      0.000000      0.000000      0.000000      0.000000      0.000000      0.000000      0.000000      0.000000      0.000000      0.000000      0.000000      0.000000
 58      729.0000      257.7520      115.0000      0.000000      0.000000      0.000000      0.000000      0.000000      0.000000      0.000000      0.000000      0.000000      0.000000      0.000000      0.000000      0.000000      0.000000      0.000000
 59      729.0000      257.7520      117.0000      0.000000      0.000000      0.000000      0.000000      0.000000      0.000000      0.000000      0.000000      0.000000      0.000000      0.000000      0.000000      0.000000      0.000000      0.000000
 60      729.0000      257.7520      119.0000      0.000000      0.000000      0.000000      0.000000      0.000000      0.000000      0.000000      0.000000      0.000000      0.000000      0.000000      0.000000      0.000000      0.000000      0.000000
 61      729.0000      257.7520      121.0000      0.000000      0.000000      0.000000      0.000000      0.000000      0.000000      0.000000      0.000000      0.000000      0.000000      0.000000      0.000000      0.000000      0.000000      0.000000
 62      729.0000      257.7520      123.0000      0.000000      0.000000      0.000000      0.000000      0.000000      0.000000      0.000000      0.000000      0.000000      0.000000      0.000000      0.000000      0.000000      0.000000      0.000000
 63      729.0000      257.7520      125.0000      0.000000      0.000000      0.000000      0.000000      0.000000      0.000000      0.000000      0.000000      0.000000      0.000000      0.000000      0.000000      0.000000      0.000000      0.000000
 64      729.0000      257.7520      127.0000      0.000000      0.000000      0.000000      0.000000      0.000000      0.000000      0.000000      0.000000      0.000000      0.000000      0.000000      0.000000      0.000000      0.000000      0.000000
 65      729.0000      257.7520      129.0000      0.000000      0.000000      0.000000      0.000000      0.000000      0.000000      0.000000      0.000000      0.000000      0.000000      0.000000      0.000000      0.000000      0.000000      0.000000
 66      729.0000      257.7520      131.0000      0.000000      0.000000      0.000000      0.000000      0.000000      0.000000      0.000000      0.000000      0.000000      0.000000      0.000000      0.000000      0.000000      0.000000      0.000000
 67      729.0000      257.7520      133.0000      0.000000      0.000000      0.000000      0.000000      0.000000      0.000000      0.000000      0.000000      0.000000      0.000000      0.000000      0.000000      0.000000      0.000000      0.000000
 68      729.0000      257.7520      135.0000      0.000000      0.000000      0.000000      0.000000      0.000000      0.000000      0.000000      0.000000      0.000000      0.000000      0.000000      0.000000      0.000000      0.000000      0.000000
 69      729.0000      257.7520      137.0000      0.000000      0.000000      0.000000      0.000000      0.000000      0.000000      0.000000      0.000000      0.000000      0.000000      0.000000      0.000000      0.000000      0.000000      0.000000
 70      729.0000      257.7520      139.0000      0.000000      0.000000      0.000000      0.000000      0.000000      0.000000      0.000000      0.000000      0.000000      0.000000      0.000000      0.000000      0.000000      0.000000      0.000000
 71      729.0000      257.7520      141.0000      0.000000      0.000000      0.000000      0.000000      0.000000      0.000000      0.000000      0.000000      0.000000      0.000000      0.000000      0.000000      0.000000      0.000000      0.000000
 72      729.0000      257.7520      143.0000      0.000000      0.000000      0.000000      0.000000      0.000000      0.000000      0.000000      0.000000      0.000000      0.000000      0.000000      0.000000      0.000000      0.000000      0.000000
 73      729.0000      257.7520      145.0000      0.000000      0.000000      0.000000      0.000000      0.000000      0.000000      0.000000      0.000000      0.000000      0.000000      0.000000      0.000000      0.000000      0.000000      0.000000
 74      729.0000      257.7520      147.0000      0.000000      0.000000      0.000000      0.000000      0.000000      0.000000      0.000000      0.000000      0.000000      0.000000      0.000000      0.000000      0.000000      0.000000      0.000000
 75      729.0000      257.7520      149.0000      0.000000      0.000000      0.000000      0.000000      0.000000      0.000000      0.000000      0.000000      0.000000      0.000000      0.000000      0.000000      0.000000      0.000000      0.000000
 76      729.0000      257.7520      151.0000      0.000000      0.000000      0.000000      0.000000      0.000000      0.000000      0.000000      0.000000      0.000000      0.000000      0.000000      0.000000      0.000000      0.000000      0.000000
 77      729.0000      257.7520      153.0000      0.000000      0.000000      0.000000      0.000000      0.000000      0.000000      0.000000      0.000000      0.000000      0.000000      0.000000      0.000000      0.000000      0.000000      0.000000
 78      729.0000      257.7520      155.0000      0.000000      0.000000      0.000000      0.000000      0.000000      0.000000      0.000000      0.000000      0.000000      0.000000      0.000000      0.000000      0.000000      0.000000      0.000000
 79      729.0000      257.7520      157.0000      0.000000      0.000000      0.000000      0.000000      0.000000      0.000000      0.000000      0.000000      0.000000      0.000000      0.000000      0.000000      0.000000      0.000000      0.000000
 80      729.0000      257.7520      159.0000      0.000000      0.000000      0.000000      0.000000      0.000000      0.000000      0.000000      0.000000      0.000000      0.000000      0.000000      0.000000      0.000000      0.000000      0.000000
 81      729.0000      257.7520      161.0000      0.000000      0.000000      0.000000      0.000000      0.000000      0.000000      0.000000      0.000000      0.000000      0.000000      0.000000      0.000000      0.000000      0.000000      0.000000
 82      729.0000      257.7520      163.0000      0.000000      0.000000      0.000000      0.000000      0.000000      0.000000      0.000000      0.000000      0.000000      0.000000      0.000000      0.000000      0.000000      0.000000      0.000000
 83      729.0000      257.7520      165.0000      0.000000      0.000000      0.000000      0.000000      0.000000      0.000000      0.000000      0.000000      0.000000      0.000000      0.000000      0.000000      0.000000      0.000000      0.000000
 84      729.0000      257.7520      167.0000      0.000000      0.000000      0.000000      0.000000      0.000000      0.000000      0.000000      0.000000      0.000000      0.000000      0.000000      0.000000      0.000000      0.000000      0.000000
 85      729.0000      257.7520      169.0000      0.000000      0.000000      0.000000      0.000000      0.000000      0.000000      0.000000      0.000000      0.000000      0.000000      0.000000      0.000000      0.000000      0.000000      0.000000
 86      729.0000      257.7520      171.0000      0.000000      0.000000      0.000000      0.000000      0.000000      0.000000      0.000000      0.000000      0.000000      0.000000      0.000000      0.000000      0.000000      0.000000      0.000000
 87      729.0000      257.7520      173.0000      0.000000      0.000000      0.000000      0.000000      0.000000      0.000000      0.000000      0.000000      0.000000      0.000000      0.000000      0.000000      0.000000      0.000000      0.000000
 88      729.0000      257.7520      175.0000      0.000000      0.000000      0.000000      0.000000      0.000000      0.000000      0.000000      0.000000      0.000000      0.000000      0.000000      0.000000      0.000000      0.000000      0.000000
 89      729.0000      257.7520      177.0000      0.000000      0.000000      0.000000      0.000000      0.000000      0.000000      0.000000      0.000000      0.000000      0.000000      0.000000      0.000000      0.000000      0.000000      0.000000
 90      729.0000      257.7520      179.0000      0.000000      0.000000      0.000000      0.000000      0.000000      0.000000      0.000000      0.000000      0.000000      0.000000      0.000000      0.000000      0.000000      0.000000      0.000000
 91      729.0000      257.7520      181.0000      0.000000      0.000000      0.000000      0.000000      0.000000      0.000000      0.000000      0.000000      0.000000      0.000000      0.000000      0.000000      0.000000      0.000000      0.000000
 92      729.0000      257.7520      183.0000      0.000000      0.000000      0.000000      0.000000      0.000000      0.000000      0.000000      0.000000      0.000000      0.000000      0.000000      0.000000      0.000000      0.000000      0.000000
 93      729.0000      257.7520      185.0000      0.000000      0.000000      0.000000      0.000000      0.000000      0.000000      0.000000      0.000000      0.000000      0.000000      0.000000      0.000000      0.000000      0.000000      0.000000
 94      729.0000      257.7520      187.0000      0.000000      0.000000      0.000000      0.000000      0.000000      0.000000      0.000000      0.000000      0.000000      0.000000      0.000000      0.000000      0.000000      0.000000      0.000000
 95      729.0000      257.7520      189.0000      0.000000      0.000000      0.000000      0.000000      0.000000      0.000000      0.000000      0.000000      0.000000      0.000000      0.000000      0.000000      0.000000      0.000000      0.000000
 96      729.0000      257.7520      191.0000      0.000000      0.000000      0.000000      0.000000      0.000000      0.000000      0.000000      0.000000      0.000000      0.000000      0.000000      0.000000      0.000000      0.000000      0.000000
 97      729.0000      257.7520      193.0000      0.000000      0.000000      0.000000      0.000000      0.000000      0.000000      0.000000      0.000000      0.000000      0.000000      0.000000      0.000000      0.000000      0.000000      0.000000
 98      729.0000      257.7520      195.0000      0.000000      0.000000      0.000000      0.000000      0.000000      0.000000      0.000000      0.000000      0.000000      0.000000      0.000000      0.000000      0.000000      0.000000      0.000000
 99      729.0000      257.7520      197.0000      0.000000      0.000000      0.000000      0.000000      0.000000      0.000000      0.000000      0.000000      0.000000      0.000000      0.000000      0.000000      0.000000      0.000000      0.000000
100      729.0000      257.7520      199.0000      0.000000      0.000000      0.000000      0.000000      0.000000      0.000000      0.000000      0.000000      0.000000      0.000000      0.000000      0.000000      0.000000      0.000000      0.000000
101      729.0000      257.7520      201.0000      0.000000      0.000000      0.000000      0.000000      0.000000      0.000000      0.000000      0.000000      0.000000      0.000000      0.000000      0.000000      0.000000      0.000000      0.000000
102      729.0000      257.7520      203.0000      0.000000      0.000000      0.000000      0.000000      0.000000      0.000000      0.000000      0.000000      0.000000      0.000000      0.000000      0.000000      0.000000      0.000000      0.000000
103      729.0000      257.7520      205.0000      0.000000      0.000000      0.000000      0.000000      0.000000      0.000000      0.000000      0.000000      0.000000      0.000000      0.000000      0.000000      0.000000      0.000000      0.000000
104      729.0000      257.7520      207.0000      0.000000      0.000000      0.000000      0.000000      0.000000      0.000000      0.000000      0.000000      0.000000      0.000000      0.000000      0.000000      0.000000      0.000000      0.000000
105      729.0000      257.7520      209.0000      0.000000      0.000000      0.000000      0.000000      0.000000      0.000000      0.000000      0.000000      0.000000      0.000000      0.000000      0.000000      0.000000      0.000000      0.000000
106      729.0000      257.7520      211.0000      0.000000      0.000000      0.000000      0.000000      0.000000      0.000000      0.000000      0.000000      0.000000      0.000000      0.000000      0.000000      0.000000      0.000000      0.000000
107      729.0000      257.7520      213.0000      0.000000      0.000000      0.000000      0.000000      0.000000      0.000000      0.000000      0.000000      0.000000      0.000000      0.000000      0.000000      0.000000      0.000000      0.000000
108      729.0000      257.7520      215.0000      0.000000      0.000000      0.000000      0.000000      0.000000      0.000000      0.000000      0.000000      0.000000      0.000000      0.000000      0.000000      0.000000      0.000000      0.000000
109      729.0000      257.7520      217.0000      0.000000      0.000000      0.000000      0.000000      0.000000      0.000000      0.000000      0.000000      0.000000      0.000000      0.000000      0.000000      0.000000      0.000000      0.000000
110      729.0000      257.7520      219.0000      0.000000      0.000000      0.000000      0.000000      0.000000      0.000000      0.000000      0.000000      0.000000      0.000000      0.000000      0.000000      0.000000      0.000000      0.000000
111      729.0000      257.7520      221.0000      0.000000      0.000000      0.000000      0.000000      0.000000      0.000000      0.000000      0.000000      0.000000      0.000000      0.000000      0.000000      0.000000      0.000000      0.000000
112      729.0000      257.7520      223.0000      0.000000      0.000000      0.000000      0.000000      0.000000      0.000000      0.000000      0.000000      0.000000      0.000000      0.000000      0.000000      0.000000      0.000000      0.000000
113      729.0000      257.7520      225.0000      0.000000      0.000000      0.000000      0.000000      0.000000      0.000000      0.000000      0.000000      0.000000      0.000000      0.000000      0.000000      0.000000      0.000000      0.000000
114      729.0000      257.7520      227.0000      0.000000      0.000000      0.000000      0.000000      0.000000      0.000000      0.000000      0.000000      0.000000      0.000000      0.000000      0.000000      0.000000      0.000000      0.000000
115      729.0000      257.7520      229.0000      0.000000      0.000000      0.000000      0.000000      0.000000      0.000000      0.000000      0.000000      0.000000      0.000000      0.000000      0.000000      0.000000      0.000000      0.000000
116      729.0000      257.7520      231.0000      0.000000      0.000000      0.000000      0.000000      0.000000      0.000000      0.000000      0.000000      0.000000      0.000000      0.000000      0.000000      0.000000      0.000000      0.000000
117      729.0000      257.7520      233.0000      0.000000      0.000000      0.000000      0.000000      0.000000      0.000000      0.000000      0.000000      0.000000      0.000000      0.000000      0.000000      0.000000      0.000000      0.000000
118      729.0000      257.7520      235.0000      0.000000      0.000000      0.000000      0.000000      0.000000      0.000000      0.000000      0.000000      0.000000      0.000000      0.000000      0.000000      0.000000      0.000000      0.000000
119      729.0000      257.7520      237.0000      0.000000      0.000000      0.000000      0.000000      0.000000      0.000000      0.000000      0.000000      0.000000      0.000000      0.000000      0.000000      0.000000      0.000000      0.000000
120      729.0000      257.7520      239.0000      0.000000      0.000000      0.000000      0.000000      0.000000      0.000000      0.000000      0.000000      0.000000      0.000000      0.000000      0.000000      0.000000      0.000000      0.000000
121      729.0000      257.7520      241.0000      0.000000      0.000000      0.000000      0.000000      0.000000      0.000000      0.000000      0.000000      0.000000      0.000000      0.000000      0.000000      0.000000      0.000000      0.000000
122      729.0000      257.7520      243.0000      0.000000      0.000000      0.000000      0.000000      0.000000      0.000000      0.000000      0.000000      0.000000      0.000000      0.000000      0.000000      0.000000      0.000000      0.000000
123      729.0000      257.7520      245.0000      0.000000      0.000000      0.000000      0.000000      0.000000      0.000000      0.000000      0.000000      0.000000      0.000000      0.000000      0.000000      0.000000      0.000000      0.000000
124      729.0000      257.7520      247.0000      0.000000      0.000000      0.000000      0.000000      0.000000      0.000000      0.000000      0.000000      0.000000      0.000000      0.000000      0.000000      0.000000      0.000000      0.000000
125      729.0000      257.7520      249.0000      0.000000      0.000000      0.000000      0.000000      0.000000      0.000000      0.000000      0.000000      0.000000      0.000000      0.000000      0.000000      0.000000      0.000000      0.000000
126      729.0000      257.7520      251.0000      0.000000      0.000000      0.000000      0.000000      0.000000      0.000000      0.000000      0.000000      0.000000      0.000000      0.000000      0.000000      0.000000      0.000000      0.000000
127      729.0000      257.7520      253.0000      0.000000      0.000000      0.000000      0.000000      0.000000      0.000000      0.000000      0.000000      0.000000      0.000000      0.000000      0.000000      0.000000      0.000000      0.000000
128      729.0000      257.7520      255.0000      0.000000      0.000000      0.000000      0.000000      0.000000      0.000000      0.000000      0.000000      0.000000      0.000000      0.000000      0.000000      0.000000      0.000000      0.000000
129      729.0000      257.7520      257.0000      0.000000      0.000000      0.000000      0.000000      0.000000      0.000000      0.000000      0.000000      0.000000      0.000000      0.000000      0.000000      0.000000      0.000000      0.000000
130      729.0000      257.7520      259.0000      0.000000      0.000000      0.000000      0.000000      0.000000      0.000000      0.000000      0.000000      0.000000      0.000000      0.000000      0.000000      0.000000      0.000000      0.000000
131      729.0000      257.7520      261.0000      0.000000      0.000000      0.000000      0.000000      0.000000      0.000000      0.000000      0.000000      0.000000      0.000000      0.000000      0.000000      0.000000      0.000000      0.000000
132      729.0000      257.7520      263.0000      0.000000      0.000000      0.000000      0.000000      0.000000      0.000000      0.000000      0.000000      0.000000      0.000000      0.000000      0.000000      0.000000      0.000000      0.000000
133      729.0000      257.7520      265.0000      0.000000      0.000000      0.000000      0.000000      0.000000      0.000000      0.000000      0.000000      0.000000      0.000000      0.000000      0.000000      0.000000      0.000000      0.000000
134      729.0000      257.7520      267.0000      0.000000      0.000000      0.000000      0.000000      0.000000      0.000000      0.000000      0.000000      0.000000      0.000000      0.000000      0.000000      0.000000      0.000000      0.000000
135      729.0000      257.7520      269.0000      0.000000      0.000000      0.000000      0.000000      0.000000      0.000000      0.000000      0.000000      0.000000      0.000000      0.000000      0.000000      0.000000      0.000000      0.000000
136      729.0000      257.7520      271.0000      0.000000      0.000000      0.000000      0.000000      0.000000      0.000000      0.000000      0.000000      0.000000      0.000000      0.000000      0.000000      0.000000      0.000000      0.000000
137      729.0000      257.7520      273.0000      0.000000      0.000000      0.000000      0.000000      0.000000      0.000000      0.000000      0.000000      0.000000      0.000000      0.000000      0.000000      0.000000      0.000000      0.000000
138      729.0000      257.7520      275.0000      0.000000      0.000000      0.000000      0.000000      0.000000      0.000000      0.000000      0.000000      0.000000      0.000000      0.000000      0.000000      0.000000      0.000000      0.000000
139      729.0000      257.7520      277.0000      0.000000      0.000000      0.000000      0.000000      0.000000      0.000000      0.000000      0.000000      0.000000      0.000000      0.000000      0.000000      0.000000      0.000000      0.000000
140      729.0000      257.7520      279.0000      0.000000      0.000000      0.000000      0.000000      0.000000      0.000000      0.000000      0.000000      0.000000      0.000000      0.000000      0.000000      0.000000      0.000000      0.000000
141      729.0000      257.7520      281.0000      0.000000      0.000000      0.000000      0.000000      0.000000      0.000000      0.000000      0.000000      0.000000      0.000000      0.000000      0.000000      0.000000      0.000000      0.000000
