  1      714.0000      187.1910      1.000000      1032.000      5095.970      1.773078      1.671250  0.0009294276  6.038907E-19  1.754316E-19      3.442315     0.3562700     0.1063870      5095.250      2.223828      14.46190      5.676949  7.374630E-20
  2      714.0000      187.1910      3.000000      1032.000      5094.893      1.626840      1.670685  0.0008527709  1.075947E-18  3.255463E-19      3.305049     0.6348973     0.1970489      5093.531      2.043623      12.37094      4.617560  1.166227E-19
  3      714.0000      187.1910      5.000000      1031.000      5094.622      1.356947      1.670543  0.0007112960  1.887373E-18  3.457466E-19      5.458833      1.113765     0.2180727      5093.881      1.104961      13.22906      3.371198  1.424666E-19
  4      714.0000      187.1910      7.000000      1031.000      5094.501     0.9601161      1.670480  0.0005032820  2.591632E-18  4.220338E-19      6.140816      1.529394     0.2705640      5093.644      1.026962      13.47194      2.649477  1.647079E-19
  5      714.0000      187.1910      9.000000      1031.000      5094.514     0.7874421      1.670487  0.0004127683  3.058961E-18  4.205335E-19      7.274001      1.805174     0.2777743      5093.490     0.6964316      12.86103      1.890945  1.942960E-19
  6      714.0000      187.1910      11.00000      1032.000      5094.903     0.9298556      1.670691  0.0004874198  3.826208E-18  5.771662E-19      6.629301      2.257774     0.3746327      5094.333      1.029893      14.23897      2.653311  2.171755E-19
  7      714.0000      187.1910      13.00000      1032.000      5095.306     0.8103167      1.670902  0.0004247589  4.476993E-18  5.865747E-19      7.632434      2.641581     0.3913164      5094.402     0.8922329      13.98093      2.283284  2.300618E-19
  8      714.0000      187.1910      15.00000      1032.000      5095.290     0.8341838      1.670893  0.0004372697  5.058529E-18  5.991983E-19      8.442162      2.984717     0.4093480      5094.510     0.7124417      14.03557      2.084068  2.557552E-19
  9      714.0000      187.1910      17.00000      1032.000      5095.377     0.8435422      1.670939  0.0004421753  5.593802E-18  6.126217E-19      9.130923      3.300491     0.4274438      5094.681     0.6946672      14.15469      1.580785  2.704991E-19
 10      714.0000      187.1910      19.00000      1032.000      5095.513     0.9754241      1.671010  0.0005113063  5.903760E-18  7.598472E-19      7.769667      3.483281     0.5088880      5094.743     0.9402183      13.64825      2.224061  2.636173E-19
 11      714.0000      187.1910      21.00000      1032.000      5095.449     0.7744240      1.670977  0.0004059443  6.540015E-18  7.388979E-19      8.851041      3.858727     0.5110908      5095.014     0.9312091      14.07774      2.028084  2.807121E-19
 12      714.0000      187.1910      23.00000      1032.000      5095.388     0.7831385      1.670945  0.0004105124  6.748866E-18  7.310205E-19      9.232116      3.982001     0.5116698      5094.923     0.6408510      14.12868      1.851630  3.004796E-19
 13      714.0000      187.1910      25.00000      1032.000      5095.647     0.6167645      1.671081  0.0003233010  7.497929E-18  7.967438E-19      9.410715      4.423741     0.5607871      5095.244     0.6800603      14.20261      1.567990  3.280948E-19
 14      714.0000      187.1910      27.00000      1032.000      5095.673     0.8703110      1.671094  0.0004562072  7.662446E-18  7.797831E-19      9.826381      4.520783     0.5561654      5095.209     0.6150879      14.06711      1.414906  3.422131E-19
 15      714.0000      187.1910      29.00000      1032.000      5095.810     0.7328523      1.671166  0.0003841529  8.298597E-18  8.903858E-19      9.320227      4.895976     0.6248912      5095.402     0.6933024      13.92028      1.567207  3.751575E-19
 16      714.0000      187.1910      31.00000      1032.000      5095.877     0.7269079      1.671201  0.0003810369  8.681411E-18  8.937516E-19      9.713449      5.121758     0.6351219      5095.481     0.6881230      13.81131      1.547171  3.860930E-19
 17      714.0000      187.1910      33.00000      1032.000      5095.907     0.7049532      1.671217  0.0003695285  9.283004E-18  8.819704E-19      10.52530      5.476648     0.6434813      5095.597     0.5987524      13.87757      1.476881  3.939592E-19
 18      714.0000      187.1910      35.00000      1032.000      5095.879     0.6089464      1.671202  0.0003192028  9.812112E-18  9.665895E-19      10.15127      5.788834     0.6966504      5095.738     0.6133504      14.06244      1.470336  4.294771E-19
 19      714.0000      187.1910      37.00000      1032.000      5095.840     0.7250091      1.671182  0.0003800416  1.022596E-17  1.001040E-18      10.21534      6.033040     0.7229910      5095.638     0.5830529      14.25624      1.593575  4.421695E-19
 20      714.0000      187.1910      39.00000      1032.000      5095.870     0.6932536      1.671197  0.0003633957  1.059587E-17  1.064013E-18      9.958404      6.251237     0.7620912      5095.720     0.7513194      14.48045      1.540622  4.507733E-19
 21      714.0000      187.1910      41.00000      1032.000      5095.958     0.6745806      1.671243  0.0003536076  1.108637E-17  1.049166E-18      10.56684      6.540504     0.7665057      5095.829     0.6444607      14.80890      1.528526  4.685174E-19
 22      714.0000      187.1910      43.00000      1032.000      5096.009     0.6418695      1.671270  0.0003364607  1.121770E-17  1.042514E-18      10.76023      6.617917     0.7665171      5095.923     0.6623206      14.68100      1.501246  4.733267E-19
 23      714.0000      187.1910      45.00000      1032.000      5096.153     0.7496730      1.671346  0.0003929701  1.143963E-17  1.069537E-18      10.69587      6.748658     0.7846915      5095.971     0.6149893      14.55139      1.699121  4.745204E-19
 24      714.0000      187.1910      47.00000      1032.000      5096.275     0.6871854      1.671410  0.0003602148  1.134664E-17  1.010293E-18      11.23104      6.693640     0.7545242      5096.025     0.5607857      14.69310      1.380463  4.737196E-19
 25      714.0000      187.1910      49.00000      1032.000      5096.270     0.5786687      1.671407  0.0003033316  1.164441E-17  1.141146E-18      10.20414      6.869306     0.8238109      5096.101     0.6046935      14.58969      1.377057  4.850024E-19
 26      714.0000      187.1910      51.00000      1032.000      5096.271     0.5971217      1.671408  0.0003130044  1.174420E-17  1.214851E-18      9.667196      6.928175     0.8619612      5096.174     0.7523869      14.58846      1.535239  5.180636E-19
 27      714.0000      187.1910      53.00000      1032.000      5096.439     0.6583033      1.671496  0.0003450751  1.171543E-17  1.151022E-18      10.17829      6.910974     0.8302143      5096.104     0.6694346      14.36159      1.384089  5.144632E-19
 28      714.0000      187.1910      55.00000      1032.000      5096.379     0.6092688      1.671464  0.0003193718  1.193898E-17  1.148804E-18      10.39253      7.042927     0.8344400      5096.066     0.7252508      14.46423      1.363745  5.141547E-19
 29      714.0000      187.1910      57.00000      1032.000      5096.500     0.6551526      1.671527  0.0003434236  1.180809E-17  1.130487E-18      10.44513      6.965550     0.8225332      5095.964     0.6536486      14.46946      1.600835  5.149744E-19
 30      714.0000      187.1910      59.00000      1032.000      5096.383     0.6063972      1.671466  0.0003178666  1.253013E-17  1.194314E-18      10.49148      7.391647     0.8703164      5096.063     0.6956055      14.80750      1.662723  5.364607E-19
 31      714.0000      187.1910      61.00000      1032.000      5096.526     0.6942768      1.671541  0.0003639320  1.224940E-17  1.174797E-18      10.42683      7.225842     0.8542551      5096.026     0.6556284      14.65915      1.399527  5.407647E-19
 32      714.0000      187.1910      63.00000      1032.000      5096.442     0.4583914      1.671497  0.0002402836  1.200621E-17  1.182673E-18      10.15175      7.082499     0.8523077      5095.988     0.7569420      14.36590      1.451596  5.430016E-19
 33      714.0000      187.1910      65.00000      1032.000      5096.422     0.6385512      1.671487  0.0003347213  1.262934E-17  1.236304E-18      10.21541      7.450119     0.8928079      5096.047     0.6015663      14.78567      1.696880  5.536362E-19
 34      714.0000      187.1910      67.00000      1032.000      5096.456     0.5559751      1.671504  0.0002914359  1.173520E-17  1.015901E-18      11.55152      6.922614     0.7668988      5095.957     0.5115822      14.26996      1.213580  5.588256E-19
 35      714.0000      187.1910      69.00000      1032.000      5096.335     0.5806112      1.671442  0.0003043498  1.237396E-17  1.188205E-18      10.41400      7.299590     0.8636734      5096.047     0.7109956      14.62303      1.288179  5.537480E-19
 36      714.0000      187.1910      71.00000      1032.000      5096.533     0.6204831      1.671545  0.0003252502  1.101285E-17  1.063491E-18      10.35537      6.496397     0.7715103      5095.872     0.6192363      14.00858      1.382855  5.854731E-19
 37      714.0000      187.1910      73.00000      1032.000      5096.640     0.7749528      1.671601  0.0004062215  1.255208E-17  1.257663E-18      9.980475      7.404222     0.9012982      5096.173     0.7473901      15.14514      1.770344  5.657751E-19
 38      714.0000      187.1910      75.00000      1032.000      5096.599     0.6133239      1.671580  0.0003214974  1.177366E-17  1.198694E-18      9.822071      6.945104     0.8546721      5096.207     0.6962830      14.33780      1.556653  5.510729E-19
 39      714.0000      187.1910      77.00000      1032.000      5096.584     0.7160580      1.671572  0.0003753495  1.212700E-17  1.194921E-18      10.14879      7.153556     0.8610273      5096.067     0.5362612      14.80598      1.590838  5.422305E-19
 40      714.0000      187.1910      79.00000      1032.000      5096.571     0.7032228      1.671565  0.0003686214  1.203718E-17  1.248140E-18      9.644094      7.100592     0.8848757      5096.172     0.7275611      14.64336      1.529716  5.397965E-19
 41      714.0000      187.1910      81.00000      1032.000      5096.638     0.5128464      1.671600  0.0002688283  1.118345E-17  1.031682E-18      10.84001      6.596898     0.7604668      5096.123     0.6146103      14.40115      1.489274  5.402188E-19
 42      714.0000      187.1910      83.00000      1032.000      5096.705     0.8171031      1.671635  0.0004283162  1.146301E-17  1.132216E-18      10.12441      6.761717     0.8151782      5096.164     0.5957995      14.13429      1.415412  5.538563E-19
 43      714.0000      187.1910      85.00000      1032.000      5096.883     0.8321584      1.671729  0.0004362081  1.187258E-17  1.261145E-18      9.414129      7.003066     0.8875357      5096.301     0.7038974      14.37418      1.709091  5.621618E-19
 44      714.0000      187.1910      87.00000      1032.000      5096.753     0.6111311      1.671660  0.0003203480  1.201978E-17  1.129370E-18      10.64290      7.090073     0.8270441      5096.479     0.6590596      14.48310      1.434210  5.627834E-19
 45      714.0000      187.1910      89.00000      1032.000      5096.800     0.6878117      1.671685  0.0003605431  1.137229E-17  1.267588E-18      8.971601      6.708078     0.8798177      5096.320     0.7404948      14.65503      1.878938  5.451623E-19
 46      714.0000      187.1910      91.00000      1032.000      5096.697     0.7858653      1.671631  0.0004119417  1.227911E-17  1.190569E-18      10.31365      7.243121     0.8624936      5096.463     0.6529953      14.80352      1.681654  5.587995E-19
 47      714.0000      187.1910      93.00000      1032.000      5096.697     0.6381064      1.671631  0.0003344882  1.107784E-17  1.243125E-18      8.911286      6.534527     0.8612486      5096.150     0.7126868      14.07791      1.575611  5.542128E-19
 48      714.0000      187.1910      95.00000      1032.000      5096.657     0.8114965      1.671610  0.0004253773  1.153305E-17  1.189494E-18      9.695759      6.803094     0.8446765      5096.274     0.6793350      14.43546      1.393555  5.742027E-19
 49      714.0000      187.1910      97.00000      1032.000      5096.731     0.7460650      1.671649  0.0003910789  1.095169E-17  1.163857E-18      9.409824      6.460072     0.8189823      5096.138     0.7094706      13.89937      1.411050  5.611054E-19
 50      714.0000      187.1910      99.00000      1032.000      5096.716     0.6548613      1.671641  0.0003432709  1.103859E-17  1.216557E-18      9.073633      6.511350     0.8470904      5096.229     0.7842734      14.09528      1.662875  5.617265E-19
 51      714.0000      187.1910      101.0000      1032.000      5096.711     0.6304489      1.671638  0.0003304742  1.060379E-17  1.184475E-18      8.952313      6.254877     0.8216538      5096.178     0.7002752      14.16475      1.582243  5.848043E-19
 52      714.0000      187.1910      103.0000      1032.000      5096.689     0.6876665      1.671627  0.0003604670  1.161592E-17  1.161362E-18      10.00198      6.851936     0.8328549      5096.214     0.5759397      14.25535      1.409382  5.539020E-19
 53      714.0000      187.1910      105.0000      1032.000      5096.593     0.6791390      1.671576  0.0003559970  1.154243E-17  1.163679E-18      9.918910      6.808715     0.8322973      5096.169     0.5963553      14.45495      1.386821  5.431294E-19
 54      714.0000      187.1910      107.0000      1032.000      5096.884     0.9810459      1.671729  0.0005142532  1.165507E-17  1.392426E-18      8.370339      6.874769     0.9489024      5096.252     0.8452069      13.79208      1.900014  5.440675E-19
 55      714.0000      187.1910      109.0000      1032.000      5096.714     0.9350930      1.671640  0.0004901652  1.069310E-17  1.310678E-18      8.158451      6.307558     0.8876060      5096.108     0.7993089      14.16970      1.749470  5.569555E-19
 56      714.0000      187.1910      111.0000      1032.000      5096.655      1.037644      1.671609  0.0005439213  7.626267E-18  1.781357E-18      4.281156      4.498571      1.095833      5095.367      1.546351      12.52292      4.223593  8.254398E-19
 57      714.0000      187.1910      113.0000      1032.000      5096.856     0.7419739      1.671715  0.0003889343  1.119516E-17  1.225969E-18      9.131680      6.603522     0.8551660      5096.276     0.7215580      14.64047      1.558352  5.673284E-19
 58      714.0000      187.1910      115.0000      1032.000      5096.806     0.9202401      1.671688  0.0004823795  1.008446E-17  1.328562E-18      7.590502      5.948427     0.8849936      5095.986     0.8386776      14.02366      2.109253  5.992976E-19
 59      714.0000      187.1910      117.0000      1032.000      5096.826     0.7427447      1.671698  0.0003893384  1.118861E-17  1.202869E-18      9.301611      6.599702     0.8435357      5096.383     0.7050768      14.42529      1.668526  5.874557E-19
 60      714.0000      187.1910      119.0000      1032.000      5096.880     0.5579279      1.671727  0.0002924595  1.119018E-17  1.037609E-18      10.78458      6.600552     0.7633951      5096.434     0.5615809      14.47565      1.197588  5.830706E-19
 61      714.0000      187.1910      121.0000      1032.000      5096.840     0.7350270      1.671706  0.0003852929  1.163859E-17  1.197508E-18      9.719009      6.865105     0.8509694      5096.619     0.7204069      14.63991      1.573463  5.782514E-19
 62      714.0000      187.1910      123.0000      1032.000      5096.840     0.8858514      1.671706  0.0004643533  1.137172E-17  1.256009E-18      9.053848      6.707688     0.8740019      5096.507     0.7511954      14.35677      1.354374  5.818729E-19
 63      714.0000      187.1910      125.0000      1032.000      5096.649     0.9002495      1.671606  0.0004719006  1.091813E-17  1.264024E-18      8.637596      6.440378     0.8684204      5096.521     0.6914673      14.00239      1.634551  5.909586E-19
 64      714.0000      187.1910      127.0000      1033.000      5096.980     0.6935448      1.671779  0.0003635483  1.122468E-17  1.182520E-18      9.492167      6.620775     0.8342458      5096.537     0.6159023      14.06652      1.512917  6.102947E-19
 65      714.0000      187.1910      129.0000      1032.000      5096.523      1.345709      1.671540  0.0007054055  7.863916E-18  2.126690E-18      3.697726      4.638875      1.294855      5095.514      2.284904      12.94471      5.852411  7.971715E-19
 66      714.0000      187.1910      131.0000      1032.000      5096.682     0.6986367      1.671623  0.0003662175  1.142534E-17  1.324689E-18      8.624917      6.739524     0.9097423      5096.504     0.7511318      14.22918      1.742669  6.249249E-19
 67      714.0000      187.1910      133.0000      1032.000      5096.888     0.7902852      1.671731  0.0004142586  1.088308E-17  1.298287E-18      8.382652      6.419403     0.8850748      5096.403     0.7126724      14.08073      1.701680  6.345966E-19
 68      714.0000      187.1910      135.0000      1032.000      5096.726     0.6901810      1.671646  0.0003617851  1.144396E-17  1.197719E-18      9.554790      6.750449     0.8466922      5096.539     0.6357304      13.73651      1.220652  6.463104E-19
 69      714.0000      187.1910      137.0000      1032.000      5096.907     0.9335367      1.671741  0.0004893494  1.084077E-17  1.320245E-18      8.211181      6.394421     0.8954489      5096.447     0.8820109      14.00239      1.745792  6.476507E-19
 70      714.0000      187.1910      139.0000      1032.000      5096.867     0.8083350      1.671720  0.0004237201  1.101605E-17  1.280206E-18      8.604899      6.497858     0.8786266      5096.488     0.6977230      13.82866      1.523798  6.401878E-19
 71      714.0000      187.1910      141.0000      1032.000      5096.656     0.9191090      1.671610  0.0004817866  1.069262E-17  1.390441E-18      7.690093      6.307346     0.9288770      5096.363     0.9433908      14.00933      2.049543  6.319579E-19
 72      714.0000      187.1910      143.0000      1032.000      5096.680     0.9615031      1.671622  0.0005040091  1.029276E-17  1.413860E-18      7.279899      6.071448     0.9336509      5096.444      1.057263      13.98785      2.210273  6.255442E-19
 73      714.0000      187.1910      145.0000      1033.000      5097.193      2.322895      1.671891   0.001217635  6.388906E-18  1.812524E-18      3.524868      3.768280      1.100333      5095.496      2.491471      12.03831      6.062040  8.494309E-19
 74      714.0000      187.1910      147.0000      1032.000      5096.856     0.9213368      1.671714  0.0004829543  9.865155E-18  1.219009E-18      8.092767      5.819013     0.8239048      5096.229     0.8408861      14.26809      1.818515  6.090781E-19
 75      714.0000      187.1910      149.0000      1033.000      5096.976     0.8861605      1.671777  0.0004645153  1.239421E-17  1.598756E-18      7.752404      7.310615      1.069887      5096.674     0.8677528      14.52335      1.885417  6.763785E-19
 76      714.0000      187.1910      151.0000      1033.000      5097.240     0.8440539      1.671916  0.0004424435  9.920536E-18  1.382577E-18      7.175394      5.851238     0.9102597      5096.689      1.042183      14.18916      2.405267  5.899595E-19
 77      714.0000      187.1910      153.0000      1033.000      5097.011      1.002264      1.671796  0.0005253755  1.042163E-17  1.364357E-18      7.638491      6.147067     0.9100445      5096.405      1.010699      14.37271      2.483197  6.015065E-19
 78      714.0000      187.1910      155.0000      1032.000      5096.936     0.9397913      1.671756  0.0004926280  9.785031E-18  1.383410E-18      7.073122      5.771661     0.9083141      5096.301     0.8876299      14.09151      2.283419  6.105600E-19
 79      714.0000      187.1910      157.0000      1033.000      5097.120     0.9464954      1.671853  0.0004961422  9.686542E-18  1.175100E-18      8.243164      5.713361     0.7977292      5096.412     0.7429417      14.45461      2.184164  6.104291E-19
 80      714.0000      187.1910      159.0000      1033.000      5097.195     0.8516087      1.671892  0.0004464037  1.041056E-17  1.418277E-18      7.340289      6.140315     0.9380476      5096.497      1.051982      14.61214      2.510420  6.047129E-19
 81      714.0000      187.1910      161.0000      1032.000      5096.771     0.9649380      1.671669  0.0005058096  1.169192E-17  1.563827E-18      7.476483      6.896657      1.038359      5096.705     0.9638819      14.31606      1.824622  6.738916E-19
 82      714.0000      187.1910      163.0000      1033.000      5097.045     0.8264359      1.671813  0.0004332083  8.531775E-18  1.215945E-18      7.016582      5.032325     0.7971156      5096.236     0.9279542      13.60978      2.214625  6.277363E-19
 83      714.0000      187.1910      165.0000      1032.000      5096.850      1.061097      1.671711  0.0005562150  9.705737E-18  1.511142E-18      6.422784      5.724987     0.9752595      5096.609      1.247119      14.49358      3.235840  6.331976E-19
 84      714.0000      187.1910      167.0000      1032.000      5096.949     0.9413820      1.671763  0.0004934618  1.083706E-17  1.294702E-18      8.370308      6.392177     0.8822943      5096.701     0.7911709      14.01641      1.589972  6.690948E-19
 85      714.0000      187.1910      169.0000      1033.000      5097.178     0.9316764      1.671883  0.0004883742  1.034857E-17  1.375059E-18      7.525907      6.103772     0.9142227      5096.461     0.8878529      13.88354      1.940506  6.624837E-19
 86      714.0000      187.1910      171.0000      1033.000      5097.168      1.446632      1.671878  0.0007583079  8.472442E-18  1.718011E-18      4.931540      4.997208      1.070578      5095.939      1.719710      13.89409      4.780406  6.847208E-19
 87      714.0000      187.1910      173.0000      1032.000      5096.723     0.9429137      1.671645  0.0004942647  9.680860E-18  1.352705E-18      7.156665      5.710454     0.8902246      5096.247     0.8621840      14.21231      2.882489  6.755029E-19
 88      714.0000      187.1910      175.0000      1033.000      5097.006      1.097655      1.671793  0.0005753785  1.039225E-17  1.514918E-18      6.859940      6.129743     0.9889322      5096.626      1.174468      13.84550      2.582194  6.839897E-19
 89      714.0000      187.1910      177.0000      1032.000      5096.948     0.7979016      1.671762  0.0004182510  1.030288E-17  1.477381E-18      6.973750      6.077101     0.9673960      5096.617     0.6913064      13.60964      1.887146  6.821928E-19
 90      714.0000      187.1910      179.0000      1033.000      5097.160     0.8899910      1.671874  0.0004665233  1.041572E-17  1.416762E-18      7.351779      6.143398     0.9373524      5096.657     0.8557342      14.02091      1.714300  6.929406E-19
 91      714.0000      187.1910      181.0000      1033.000      5097.341     0.6982570      1.671969  0.0003660184  1.070904E-17  1.285792E-18      8.328750      6.316179     0.8750655      5096.976     0.7175136      13.78786      1.500132  7.366538E-19
 92      714.0000      187.1910      183.0000      1033.000      5097.354     0.6935242      1.671975  0.0003635376  1.032262E-17  1.344112E-18      7.679883      6.088259     0.8975418      5097.028     0.8086429      13.57311      1.721172  7.366222E-19
 93      714.0000      187.1910      185.0000      1033.000      5096.966     0.9938368      1.671772  0.0005209580  1.184053E-17  1.863135E-18      6.355163      6.984046      1.200326      5097.079      1.033162      13.35917      1.744737  8.751371E-19
 94      714.0000      187.1910      187.0000      1033.000      5097.412      1.062688      1.672006  0.0005570488  7.857086E-18  1.333199E-18      5.893407      4.634038     0.8490555      5096.392      1.202806      13.58129      2.917241  7.806746E-19
 95      714.0000      187.1910      189.0000      1033.000      5097.348      1.346153      1.671972  0.0007056380  8.900963E-18  1.647196E-18      5.403707      5.249773      1.037079      5096.788      1.413960      14.13548      3.832780  7.648765E-19
 96      714.0000      187.1910      191.0000      1033.000      5097.396     0.8464586      1.671997  0.0004437040  1.071275E-17  1.537054E-18      6.969662      6.318302      1.006271      5097.173     0.8126841      13.66674      1.686242  8.285975E-19
 97      714.0000      187.1910      193.0000      1033.000      5097.757      1.513415      1.672187  0.0007933149  8.637800E-18  2.430835E-18      3.553429      5.094150      1.476203      5096.617      2.437640      14.31535      6.226136  8.126176E-19
 98      714.0000      187.1910      195.0000      1033.000      5097.612      1.031951      1.672111  0.0005409372  8.700079E-18  1.375803E-18      6.323640      5.131026     0.8855396      5097.389     0.8814728      14.25637      1.753183  8.245038E-19
 99      714.0000      187.1910      197.0000      1033.000      5097.788     0.8521535      1.672203  0.0004466893  7.841207E-18  1.290262E-18      6.077222      4.624331     0.8253463      5097.027      1.271497      14.38860      2.596998  8.586464E-19
100      714.0000      187.1910      199.0000      1033.000      5097.659     0.6982570      1.672135  0.0003660184  8.263400E-18  1.394813E-18      5.924378      4.873442     0.8889175      5097.096      1.063756      15.02038      2.780113  8.353960E-19
101      714.0000      187.1910      201.0000      1033.000      5097.511     0.5918986      1.672058  0.0003102666  1.024041E-17  1.332034E-18      7.687798      6.039584     0.8896509      5097.162     0.7594873      13.89495      1.589462  8.490383E-19
102      714.0000      187.1910      203.0000      1033.000      5097.562      1.042011      1.672084  0.0005462104  9.870817E-18  1.578926E-18      6.251602      5.821547      1.014442      5097.190     0.9841149      14.26524      2.747923  8.374179E-19
103      714.0000      187.1910      205.0000      1033.000      5097.659     0.9092104      1.672135  0.0004765978  9.659522E-18  1.445189E-18      6.683918      5.696822     0.9388951      5097.214      1.038983      14.47450      2.143974  8.343458E-19
104      714.0000      187.1910      207.0000      1033.000      5097.561     0.7218736      1.672084  0.0003783980  9.122273E-18  1.467497E-18      6.216213      5.380076     0.9420126      5097.397     0.9970725      14.25890      2.462473  8.250369E-19
105      714.0000      187.1910      209.0000      1033.000      5097.747     0.8658879      1.672181  0.0004538887  9.415510E-18  1.375169E-18      6.846805      5.552817     0.8972582      5097.205      1.014361      14.22554      2.205073  8.383291E-19
106      714.0000      187.1910      211.0000      1033.000      5097.457      1.027650      1.672029  0.0005386826  9.776703E-18  1.542021E-18      6.340189      5.766160     0.9929740      5097.132      1.075449      14.33279      2.523523  8.487324E-19
107      714.0000      187.1910      213.0000      1033.000      5097.424     0.6845893      1.672012  0.0003588540  1.051578E-17  1.488810E-18      7.063213      6.202099     0.9771594      5097.183     0.7730282      13.35091      1.629891  9.107627E-19
108      714.0000      187.1910      215.0000      1033.000      5097.608     0.9184834      1.672108  0.0004814586  9.425163E-18  1.361971E-18      6.920236      5.558661     0.8904236      5096.858     0.8025148      14.20765      2.486294  8.709803E-19
109      714.0000      187.1910      217.0000      1033.000      5097.543     0.8485929      1.672075  0.0004448228  9.195136E-18  1.416022E-18      6.493638      5.423067     0.9154145      5096.957     0.8727638      14.15706      2.163129  8.753183E-19
110      714.0000      187.1910      219.0000      1033.000      5097.714     0.6991473      1.672164  0.0003664851  6.578111E-18  1.316856E-18      4.995316      3.879480     0.8216212      5096.385      1.613120      15.18360      5.254192  1.025331E-18
111      714.0000      187.1910      221.0000      1033.000      5097.454     0.8285741      1.672028  0.0004343292  9.102312E-18  1.517642E-18      5.997668      5.368417     0.9689632      5097.104      1.250777      14.18745      2.858435  8.655017E-19
112      714.0000      187.1910      223.0000      1033.000      5097.172     0.8952632      1.671880  0.0004692868  9.841963E-18  1.387280E-18      7.094433      5.804974     0.9113424      5097.208     0.8032686      13.85359      1.725016  8.680247E-19
113      714.0000      187.1910      225.0000      1033.000      5097.584      1.261845      1.672096  0.0006614449  8.114486E-18  1.710655E-18      4.743498      4.785688      1.061747      5096.550      2.324186      14.95158      6.241926  8.865762E-19
114      714.0000      187.1910      227.0000      1033.000      5097.271      1.059435      1.671932  0.0005553440  7.982266E-18  1.609367E-18      4.959878      4.707998      1.003458      5096.541      1.756033      14.05731      4.844118  9.056526E-19
115      714.0000      187.1910      229.0000      1033.000      5097.547     0.8095347      1.672076  0.0004243489  8.540991E-18  1.433846E-18      5.956702      5.037265     0.9145309      5096.909      1.309160      14.39188      3.274904  9.009783E-19
116      714.0000      187.1910      231.0000      1033.000      5097.505     0.8234497      1.672055  0.0004316430  8.129454E-18  1.597166E-18      5.089925      4.794590     0.9985826      5096.387      1.634375      15.76827      6.053386  9.334832E-19
117      714.0000      187.1910      233.0000      1033.000      5097.385      1.073771      1.671992  0.0005628585  7.340014E-18  1.598485E-18      4.591857      4.329096     0.9891315      5096.222      1.920102      13.91903      5.006900  9.502458E-19
118      714.0000      187.1910      235.0000      1033.000      5097.609      1.037275      1.672109  0.0005437278  7.501251E-18  1.627794E-18      4.608232      4.423998      1.007553      5096.435      1.560712      14.19701      4.900185  9.698673E-19
119      714.0000      187.1910      237.0000      1033.000      5097.479      1.285398      1.672041  0.0006737910  7.003103E-18  1.665262E-18      4.205405      4.130312      1.022802      5096.460      2.060363      13.39511      6.000657  9.822416E-19
120      714.0000      187.1910      239.0000      1033.000      5097.496     0.8333706      1.672050  0.0004368434  7.931153E-18  1.461504E-18      5.426706      4.677645     0.9206205      5096.673      1.374893      13.11622      3.140773  9.442583E-19
121      714.0000      187.1910      241.0000      1033.000      5097.775      1.114280      1.672196  0.0005840929  7.386559E-18  1.623009E-18      4.551151      4.356215      1.003418      5096.563      1.551188      12.51870      3.562721  9.692800E-19
122      714.0000      187.1910      243.0000      1033.000      5097.715      1.229335      1.672164  0.0006444033  7.168920E-18  1.659286E-18      4.320485      4.227912      1.021284      5096.429      2.018711      12.14271      4.061205  9.876995E-19
123      714.0000      187.1910      245.0000      1033.000      5097.647     0.6985176      1.672129  0.0003661550  7.047330E-18  1.626871E-18      4.331831      4.156259      1.001562      5096.086      1.807366      12.22369      4.744998  9.932037E-19
124      714.0000      187.1910      247.0000      1033.000      5097.547     0.6229411      1.672077  0.0003265387  7.856047E-18  1.472019E-18      5.336919      4.633302     0.9253560      5096.897      1.136418      12.56228      2.273944  1.005174E-18
125      714.0000      187.1910      249.0000      1033.000      5097.565      1.047726      1.672086  0.0005492061  7.131168E-18  1.575139E-18      4.527326      4.205771     0.9734052      5096.722      1.690271      12.87716      3.722035  1.020645E-18
126      714.0000      187.1910      251.0000      1033.000      5097.508     0.7063069      1.672056  0.0003702381  5.802116E-18  1.769200E-18      3.279513      3.421971      1.069915      5096.233      2.713727      14.35996      7.970097  1.112857E-18
127      714.0000      187.1910      253.0000      1033.000      5097.693     0.9714299      1.672153  0.0005092126  7.501409E-18  1.695943E-18      4.423150      4.424019      1.045905      5096.894      1.595621      12.97046      3.564543  1.041721E-18
128      714.0000      187.1910      255.0000      1033.000      5097.541     0.7456804      1.672073  0.0003908772  7.540939E-18  1.667508E-18      4.522281      4.447465      1.030390      5096.778      1.488528      12.59598      3.278587  1.052000E-18
129      714.0000      187.1910      257.0000      1033.000      5097.511      1.076168      1.672058  0.0005641153  7.111495E-18  1.765659E-18      4.027672      4.194214      1.080957      5097.006      2.215135      13.88697      5.437446  1.053923E-18
130      714.0000      187.1910      259.0000      1033.000      5097.767      1.157062      1.672192  0.0006065186  5.128712E-18  2.048148E-18      2.504073      3.024657      1.225857      5096.757      3.528589      14.10238      8.251159  1.128489E-18
131      714.0000      187.1910      261.0000      1033.000      5097.519     0.8758105      1.672062  0.0004590900  6.775121E-18  1.673638E-18      4.048139      3.995821      1.024995      5096.530      2.127770      13.31659      5.616720  1.074299E-18
132      714.0000      187.1910      263.0000      1033.000      5097.401      1.141917      1.672000  0.0005985799  7.361802E-18  1.761250E-18      4.179872      4.341933      1.081264      5096.710      1.999151      14.50948      5.228078  1.084121E-18
133      714.0000      187.1910      265.0000      1033.000      5097.598     0.8400073      1.672103  0.0004403223  8.287801E-18  1.670093E-18      4.962479      4.887891      1.041311      5097.177      1.317259      13.52200      3.245966  1.097564E-18
134      714.0000      187.1910      267.0000      1033.000      5097.469      1.448114      1.672036  0.0007590852  8.381690E-18  1.950202E-18      4.297858      4.943389      1.199886      5097.332      1.463655      13.52307      3.161919  1.102450E-18
135      714.0000      187.1910      269.0000      1033.000      5097.899      1.320551      1.672261  0.0006922178  7.923183E-18  1.877917E-18      4.219133      4.672574      1.153613      5097.024      2.270597      15.20917      6.259838  1.113170E-18
136      714.0000      187.1910      271.0000      1033.000      5098.076      1.067377      1.672354  0.0005595069  8.422938E-18  1.723538E-18      4.887005      4.967125      1.072825      5096.836      1.397776      13.63963      3.485961  1.114463E-18
137      714.0000      187.1910      273.0000      1033.000      5098.271      1.654325      1.672456  0.0008671784  7.747450E-18  1.857741E-18      4.170361      4.568605      1.140107      5097.263      1.522988      13.93548      3.866382  1.124769E-18
138      714.0000      187.1910      275.0000      1033.000      5098.245      2.179180      1.672442   0.001142301  6.827982E-18  2.117941E-18      3.223877      4.026423      1.279576      5097.073      2.576953      14.27419      5.978082  1.160677E-18
139      714.0000      187.1910      277.0000      1033.000      5098.208      1.379084      1.672423  0.0007229000  8.253629E-18  1.850922E-18      4.459199      4.867156      1.142165      5097.555      1.325921      13.70660      2.581837  1.160957E-18
140      714.0000      187.1910      279.0000      1033.000      5098.090     0.8209984      1.672361  0.0004303581  9.238690E-18  1.685025E-18      5.482822      5.448171      1.062655      5097.462     0.8088446      12.84098      1.633854  1.270427E-18
141      714.0000      187.1910      281.0000      1033.000      5097.709      1.213213      1.672162  0.0006359527  1.017263E-17  1.971287E-18      5.160399      5.999373      1.234333      5097.457     0.9599723      12.99652      1.657088  1.411303E-18
