 AP       XCENTER       YCENTER        APSIZE       PIXPEAK          WAVE       WAVEERR             Z          ZERR         SIGNAL         NOISE          RATIO      BBEWREST   BBEWRESTERR       WAVEFIT    WAVEFITERR          FWHM       FWHMERR          FLIM
--- ------------- ------------- ------------- ------------- ------------- ------------- ------------- ------------- -------------- ------------- -------------- ------------- ------------- ------------- ------------- ------------- ------------- -------------
  1      729.0000      257.7520      1.000000      223.0000      3310.142      9.799131      1.669469   0.007902525  -8.483307E-19  2.318075E-18     -0.3659634      0.000000      0.000000      0.000000      0.000000      0.000000      0.000000  1.977471E-18
  2      729.0000      257.7520      3.000000      225.0000      3313.978      10.74168      1.672563   0.008662646  -1.065005E-18  4.332765E-18     -0.2458026      0.000000      0.000000      0.000000      0.000000      0.000000      0.000000  3.871490E-18
  3      729.0000      257.7520      5.000000      223.0000      3309.515     0.6557593      1.668964  0.0005288381  -9.948492E-19  5.988533E-18     -0.1661257      0.000000      0.000000      0.000000      0.000000      0.000000      0.000000  5.475113E-18
  4      729.0000      257.7520      7.000000      224.0000      3311.460      9.391666      1.670532   0.007573924  -1.519322E-18  7.426853E-18     -0.2045714      0.000000      0.000000      0.000000      0.000000      0.000000      0.000000  6.976390E-18
  5      729.0000      257.7520      9.000000      224.0000      3311.719      5.444545      1.670741   0.004390762  -1.829811E-18  9.141224E-18     -0.2001714      0.000000      0.000000      0.000000      0.000000      0.000000      0.000000  8.626877E-18
  6      729.0000      257.7520      11.00000      225.0000      3313.212      6.104506      1.671945   0.004922989  -1.451636E-18  1.054395E-17     -0.1376747      0.000000      0.000000      0.000000      0.000000      0.000000      0.000000  9.991094E-18
  7      729.0000      257.7520      13.00000      224.0000      3311.065      5.759425      1.670214   0.004644698  -8.370976E-19  1.223900E-17    -0.06839594      0.000000      0.000000      0.000000      0.000000      0.000000      0.000000  1.171987E-17
  8      729.0000      257.7520      15.00000      224.0000      3310.712      8.801347      1.669929   0.007097860  -1.026426E-18  1.318745E-17    -0.07783354      0.000000      0.000000      0.000000      0.000000      0.000000      0.000000  1.261269E-17
  9      729.0000      257.7520      17.00000      224.0000      3310.793      7.646893      1.669995   0.006166849  -2.225926E-18  1.420298E-17     -0.1567224      0.000000      0.000000      0.000000      0.000000      0.000000      0.000000  1.372104E-17
 10      729.0000      257.7520      19.00000      222.0000      3308.017      7.035628      1.667755   0.005673894  -1.746896E-18  1.576339E-17     -0.1108198      0.000000      0.000000      0.000000      0.000000      0.000000      0.000000  1.516590E-17
 11      729.0000      257.7520      21.00000      224.0000      3311.407      5.464386      1.670490   0.004406763  -1.069465E-19  1.677906E-17   -0.006373806      0.000000      0.000000      0.000000      0.000000      0.000000      0.000000  1.608530E-17
 12      729.0000      257.7520      23.00000      224.0000      3310.694      3.106368      1.669914   0.002505135   1.418362E-18  1.738299E-17     0.08159484      0.000000      0.000000      0.000000      0.000000      0.000000      0.000000  1.675565E-17
 13      729.0000      257.7520      25.00000      224.0000      3310.553      5.629441      1.669801   0.004539872  -1.227182E-18  1.940421E-17    -0.06324309      0.000000      0.000000      0.000000      0.000000      0.000000      0.000000  1.852059E-17
 14      729.0000      257.7520      27.00000      223.0000      3309.170      5.474488      1.668685   0.004414910  -7.365930E-19  1.976229E-17    -0.03727266      0.000000      0.000000      0.000000      0.000000      0.000000      0.000000  1.890494E-17
 15      729.0000      257.7520      29.00000      223.0000      3310.149      5.472183      1.669475   0.004413051  -8.018339E-19  2.055788E-17    -0.03900373      0.000000      0.000000      0.000000      0.000000      0.000000      0.000000  1.981712E-17
 16      729.0000      257.7520      31.00000      224.0000      3310.988      4.641364      1.670152   0.003743035  -3.368124E-19  2.094403E-17    -0.01608155      0.000000      0.000000      0.000000      0.000000      0.000000      0.000000  2.014530E-17
 17      729.0000      257.7520      33.00000      224.0000      3311.070      4.749377      1.670218   0.003830143  -1.701689E-19  2.160586E-17   -0.007876053      0.000000      0.000000      0.000000      0.000000      0.000000      0.000000  2.064209E-17
 18      729.0000      257.7520      35.00000      225.0000      3312.679      4.468909      1.671515   0.003603959   5.469914E-19  2.231045E-17     0.02451727      0.000000      0.000000      0.000000      0.000000      0.000000      0.000000  2.148017E-17
 19      729.0000      257.7520      37.00000      224.0000      3311.734      3.405380      1.670753   0.002746274   1.390421E-18  2.331327E-17     0.05964075      0.000000      0.000000      0.000000      0.000000      0.000000      0.000000  2.249520E-17
 20      729.0000      257.7520      39.00000      225.0000      3312.741      4.869128      1.671566   0.003926716   1.138086E-18  2.390360E-17     0.04761151      0.000000      0.000000      0.000000      0.000000      0.000000      0.000000  2.298203E-17
 21      729.0000      257.7520      41.00000      225.0000      3313.733      4.700656      1.672365   0.003790851   1.264757E-19  2.411501E-17    0.005244687      0.000000      0.000000      0.000000      0.000000      0.000000      0.000000  2.325050E-17
 22      729.0000      257.7520      43.00000      225.0000      3313.097      4.905505      1.671853   0.003956052  -7.752308E-19  2.488095E-17    -0.03115761      0.000000      0.000000      0.000000      0.000000      0.000000      0.000000  2.401674E-17
 23      729.0000      257.7520      45.00000      225.0000      3312.630      4.974714      1.671476   0.004011866   3.880745E-19  2.519098E-17     0.01540530      0.000000      0.000000      0.000000      0.000000      0.000000      0.000000  2.413183E-17
 24      729.0000      257.7520      47.00000      225.0000      3314.095      3.982791      1.672657   0.003211928   5.759117E-19  2.534835E-17     0.02271989      0.000000      0.000000      0.000000      0.000000      0.000000      0.000000  2.445724E-17
 25      729.0000      257.7520      49.00000      226.0000      3314.274      3.291584      1.672801   0.002654503  -1.824925E-18  2.659053E-17    -0.06863064      0.000000      0.000000      0.000000      0.000000      0.000000      0.000000  2.570749E-17
 26      729.0000      257.7520      51.00000      225.0000      3313.922      3.842227      1.672518   0.003098571   1.406541E-18  2.607801E-17     0.05393589      0.000000      0.000000      0.000000      0.000000      0.000000      0.000000  2.501650E-17
 27      729.0000      257.7520      53.00000      226.0000      3314.882      3.448708      1.673292   0.002781216   1.672837E-18  2.667952E-17     0.06270117      0.000000      0.000000      0.000000      0.000000      0.000000      0.000000  2.566926E-17
 28      729.0000      257.7520      55.00000      226.0000      3315.630      2.465019      1.673895   0.001987918   7.369670E-19  2.646233E-17     0.02784966      0.000000      0.000000      0.000000      0.000000      0.000000      0.000000  2.573761E-17
 29      729.0000      257.7520      57.00000      226.0000      3315.604      3.329839      1.673874   0.002685354  -3.704261E-19  2.723659E-17    -0.01360032      0.000000      0.000000      0.000000      0.000000      0.000000      0.000000  2.626515E-17
 30      729.0000      257.7520      59.00000      226.0000      3315.799      3.658759      1.674031   0.002950612   1.315675E-18  2.650674E-17     0.04963548      0.000000      0.000000      0.000000      0.000000      0.000000      0.000000  2.558602E-17
 31      729.0000      257.7520      61.00000      226.0000      3315.052      4.662915      1.673429   0.003760415   2.809573E-18  2.664566E-17      0.1054421      0.000000      0.000000      0.000000      0.000000      0.000000      0.000000  2.552789E-17
 32      729.0000      257.7520      63.00000      227.0000      3316.609      3.801851      1.674685   0.003066009  -1.820859E-18  2.838369E-17    -0.06415161      0.000000      0.000000      0.000000      0.000000      0.000000      0.000000  2.769418E-17
 33      729.0000      257.7520      65.00000      225.0000      3313.634      5.710474      1.672286   0.004605221   3.208748E-18  2.576328E-17      0.1245473      0.000000      0.000000      0.000000      0.000000      0.000000      0.000000  2.353234E-17
 34      729.0000      257.7520      67.00000      226.0000      3315.718      4.659744      1.673966   0.003757858   4.668288E-19  2.790383E-17     0.01672992      0.000000      0.000000      0.000000      0.000000      0.000000      0.000000  2.688786E-17
 35      729.0000      257.7520      69.00000      226.0000      3315.422      4.612180      1.673727   0.003719500  -6.597523E-20  2.737416E-17   -0.002410128      0.000000      0.000000      0.000000      0.000000      0.000000      0.000000  2.632768E-17
 36      729.0000      257.7520      71.00000      225.0000      3313.866      4.082938      1.672473   0.003292692  -7.622866E-19  2.755386E-17    -0.02766533      0.000000      0.000000      0.000000      0.000000      0.000000      0.000000  2.569442E-17
 37      729.0000      257.7520      73.00000      226.0000      3315.509      4.469698      1.673798   0.003604595  -2.084248E-18  2.726334E-17    -0.07644875      0.000000      0.000000      0.000000      0.000000      0.000000      0.000000  2.632465E-17
 38      729.0000      257.7520      75.00000      226.0000      3314.664      4.685163      1.673116   0.003778358  -9.213971E-19  2.622987E-17    -0.03512778      0.000000      0.000000      0.000000      0.000000      0.000000      0.000000  2.514249E-17
 39      729.0000      257.7520      77.00000      226.0000      3315.004      4.059363      1.673390   0.003273680  -7.671919E-19  2.653339E-17    -0.02891420      0.000000      0.000000      0.000000      0.000000      0.000000      0.000000  2.555612E-17
 40      729.0000      257.7520      79.00000      224.0000      3311.209      3.051078      1.670330   0.002460547   2.619583E-18  2.248178E-17      0.1165202      0.000000      0.000000      0.000000      0.000000      0.000000      0.000000  2.188667E-17
 41      729.0000      257.7520      81.00000      226.0000      3315.979      2.327965      1.674176   0.001877391   1.974429E-19  2.693039E-17    0.007331604      0.000000      0.000000      0.000000      0.000000      0.000000      0.000000  2.554944E-17
 42      729.0000      257.7520      83.00000      227.0000      3316.509      4.994837      1.674604   0.004028094   8.394833E-19  2.689031E-17     0.03121880      0.000000      0.000000      0.000000      0.000000      0.000000      0.000000  2.540269E-17
 43      729.0000      257.7520      85.00000      226.0000      3314.354      4.285316      1.672866   0.003455900   1.473024E-18  2.671190E-17     0.05514487      0.000000      0.000000      0.000000      0.000000      0.000000      0.000000  2.497586E-17
 44      729.0000      257.7520      87.00000      225.0000      3312.928      4.066853      1.671716   0.003279720   1.131782E-18  2.660413E-17     0.04254160      0.000000      0.000000      0.000000      0.000000      0.000000      0.000000  2.449529E-17
 45      729.0000      257.7520      89.00000      226.0000      3315.325      4.153190      1.673650   0.003349347   2.200564E-19  2.735148E-17    0.008045499      0.000000      0.000000      0.000000      0.000000      0.000000      0.000000  2.611278E-17
 46      729.0000      257.7520      91.00000      226.0000      3314.318      5.809590      1.672837   0.004685154  -1.033650E-18  2.756169E-17    -0.03750314      0.000000      0.000000      0.000000      0.000000      0.000000      0.000000  2.633870E-17
 47      729.0000      257.7520      93.00000      225.0000      3312.961      5.347760      1.671743   0.004312710   9.481590E-19  2.572164E-17     0.03686231      0.000000      0.000000      0.000000      0.000000      0.000000      0.000000  2.424103E-17
 48      729.0000      257.7520      95.00000      225.0000      3313.836      6.524505      1.672448   0.005261698   6.104347E-19  2.624305E-17     0.02326081      0.000000      0.000000      0.000000      0.000000      0.000000      0.000000  2.433439E-17
 49      729.0000      257.7520      97.00000      226.0000      3314.831      5.129713      1.673251   0.004136865  -2.442110E-18  2.790109E-17    -0.08752742      0.000000      0.000000      0.000000      0.000000      0.000000      0.000000  2.658834E-17
 50      729.0000      257.7520      99.00000      226.0000      3315.128      5.303797      1.673490   0.004277256   1.551244E-18  2.622383E-17     0.05915396      0.000000      0.000000      0.000000      0.000000      0.000000      0.000000  2.476330E-17
 51      729.0000      257.7520      101.0000      225.0000      3313.649      4.416970      1.672297   0.003562072  -3.638939E-18  2.719909E-17     -0.1337890      0.000000      0.000000      0.000000      0.000000      0.000000      0.000000  2.581285E-17
 52      729.0000      257.7520      103.0000      225.0000      3313.275      4.537324      1.671996   0.003659133  -1.651126E-18  2.678500E-17    -0.06164367      0.000000      0.000000      0.000000      0.000000      0.000000      0.000000  2.521001E-17
 53      729.0000      257.7520      105.0000      225.0000      3312.496      4.742318      1.671368   0.003824450  -7.251797E-19  2.594692E-17    -0.02794859      0.000000      0.000000      0.000000      0.000000      0.000000      0.000000  2.413204E-17
 54      729.0000      257.7520      107.0000      225.0000      3313.633      5.137925      1.672285   0.004143488  -2.834772E-18  2.626011E-17     -0.1079497      0.000000      0.000000      0.000000      0.000000      0.000000      0.000000  2.486959E-17
 55      729.0000      257.7520      109.0000      225.0000      3314.219      4.877089      1.672758   0.003933136  -2.960262E-18  2.571444E-17     -0.1151206      0.000000      0.000000      0.000000      0.000000      0.000000      0.000000  2.447781E-17
 56      729.0000      257.7520      111.0000      223.0000      3310.135      6.352868      1.669464   0.005123281   4.413590E-18  2.386851E-17      0.1849127      0.000000      0.000000      0.000000      0.000000      0.000000      0.000000  2.100860E-17
 57      729.0000      257.7520      113.0000      226.0000      3314.705      6.066752      1.673149   0.004892542  -2.869228E-18  2.631337E-17     -0.1090407      0.000000      0.000000      0.000000      0.000000      0.000000      0.000000  2.517172E-17
 58      729.0000      257.7520      115.0000      223.0000      3310.267      4.706950      1.669570   0.003795927   2.656532E-18  2.255496E-17      0.1177804      0.000000      0.000000      0.000000      0.000000      0.000000      0.000000  2.138724E-17
 59      729.0000      257.7520      117.0000      227.0000      3317.732      5.462370      1.675591   0.004405138  -1.111785E-17  3.029571E-17     -0.3669778      0.000000      0.000000      0.000000      0.000000      0.000000      0.000000  2.858338E-17
 60      729.0000      257.7520      119.0000      224.0000      3311.604      5.677966      1.670648   0.004579004   1.289311E-18  2.361130E-17     0.05460568      0.000000      0.000000      0.000000      0.000000      0.000000      0.000000  2.056874E-17
 61      729.0000      257.7520      121.0000      226.0000      3314.657      4.730217      1.673110   0.003814691  -2.164163E-18  2.535589E-17    -0.08535149      0.000000      0.000000      0.000000      0.000000      0.000000      0.000000  2.351941E-17
 62      729.0000      257.7520      123.0000      226.0000      3315.065      4.323420      1.673440   0.003486629  -2.039486E-18  2.683548E-17    -0.07599961      0.000000      0.000000      0.000000      0.000000      0.000000      0.000000  2.397772E-17
 63      729.0000      257.7520      125.0000      226.0000      3314.703      5.002435      1.673148   0.004034222  -1.252435E-18  2.635044E-17    -0.04752995      0.000000      0.000000      0.000000      0.000000      0.000000      0.000000  2.463317E-17
 64      729.0000      257.7520      127.0000      227.0000      3316.658      5.469426      1.674724   0.004410827  -1.880393E-18  2.886247E-17    -0.06515012      0.000000      0.000000      0.000000      0.000000      0.000000      0.000000  2.664151E-17
 65      729.0000      257.7520      129.0000      227.0000      3316.276      4.349753      1.674416   0.003507865  -2.250271E-18  2.676007E-17    -0.08409063      0.000000      0.000000      0.000000      0.000000      0.000000      0.000000  2.533128E-17
 66      729.0000      257.7520      131.0000      226.0000      3315.693      3.065750      1.673946   0.002472379  -2.880781E-18  2.674112E-17     -0.1077285      0.000000      0.000000      0.000000      0.000000      0.000000      0.000000  2.597322E-17
 67      729.0000      257.7520      133.0000      226.0000      3315.524      2.890264      1.673810   0.002330858  -1.925415E-18  2.598058E-17    -0.07410977      0.000000      0.000000      0.000000      0.000000      0.000000      0.000000  2.495562E-17
 68      729.0000      257.7520      135.0000      224.0000      3310.820      4.639501      1.670016   0.003741533   5.480769E-18  2.129804E-17      0.2573368      0.000000      0.000000      0.000000      0.000000      0.000000      0.000000  1.673048E-17
 69      729.0000      257.7520      137.0000      226.0000      3315.236      3.460763      1.673578   0.002790938  -1.443181E-19  2.416710E-17   -0.005971679      0.000000      0.000000      0.000000      0.000000      0.000000      0.000000  2.297545E-17
 70      729.0000      257.7520      139.0000      227.0000      3316.879      3.035057      1.674902   0.002447626  -5.019312E-18  2.717740E-17     -0.1846869      0.000000      0.000000      0.000000      0.000000      0.000000      0.000000  2.632997E-17
 71      729.0000      257.7520      141.0000      226.0000      3315.633      3.615787      1.673898   0.002915957  -8.156116E-19  2.517349E-17    -0.03239963      0.000000      0.000000      0.000000      0.000000      0.000000      0.000000  2.415421E-17
 72      729.0000      257.7520      143.0000      226.0000      3315.508      2.986491      1.673797   0.002408461  -2.121684E-18  2.511159E-17    -0.08449022      0.000000      0.000000      0.000000      0.000000      0.000000      0.000000  2.403467E-17
 73      729.0000      257.7520      145.0000      227.0000      3316.323      3.481403      1.674454   0.002807583  -2.460602E-18  2.648139E-17    -0.09291814      0.000000      0.000000      0.000000      0.000000      0.000000      0.000000  2.506287E-17
 74      729.0000      257.7520      147.0000      226.0000      3315.995      3.195119      1.674190   0.002576709  -3.047922E-18  2.565618E-17     -0.1187988      0.000000      0.000000      0.000000      0.000000      0.000000      0.000000  2.470444E-17
 75      729.0000      257.7520      149.0000      226.0000      3315.145      3.983595      1.673504   0.003212576  -2.251598E-18  2.537380E-17    -0.08873711      0.000000      0.000000      0.000000      0.000000      0.000000      0.000000  2.402991E-17
 76      729.0000      257.7520      151.0000      227.0000      3316.467      3.075470      1.674570   0.002480218  -2.504996E-18  2.477240E-17     -0.1011204      0.000000      0.000000      0.000000      0.000000      0.000000      0.000000  2.390287E-17
 77      729.0000      257.7520      153.0000      227.0000      3316.828      2.963434      1.674862   0.002389866  -4.194071E-18  2.640898E-17     -0.1588123      0.000000      0.000000      0.000000      0.000000      0.000000      0.000000  2.542474E-17
 78      729.0000      257.7520      155.0000      227.0000      3317.986      2.731814      1.675795   0.002203075  -1.293623E-18  2.536039E-17    -0.05100960      0.000000      0.000000      0.000000      0.000000      0.000000      0.000000  2.470121E-17
 79      729.0000      257.7520      157.0000      226.0000      3316.086      3.594643      1.674263   0.002898906  -2.926791E-18  2.594270E-17     -0.1128176      0.000000      0.000000      0.000000      0.000000      0.000000      0.000000  2.504734E-17
 80      729.0000      257.7520      159.0000      227.0000      3316.979      3.285477      1.674983   0.002649578  -2.412253E-18  2.606198E-17    -0.09255832      0.000000      0.000000      0.000000      0.000000      0.000000      0.000000  2.534594E-17
 81      729.0000      257.7520      161.0000      224.0000      3311.064      5.588300      1.670213   0.004506693   2.720047E-18  1.776842E-17      0.1530832      0.000000      0.000000      0.000000      0.000000      0.000000      0.000000  1.739209E-17
 82      729.0000      257.7520      163.0000      227.0000      3316.582      4.248398      1.674663   0.003426127  -4.797223E-18  2.640899E-17     -0.1816512      0.000000      0.000000      0.000000      0.000000      0.000000      0.000000  2.537020E-17
 83      729.0000      257.7520      165.0000      227.0000      3316.358      3.749344      1.674483   0.003023664  -4.163040E-18  2.763568E-17     -0.1506400      0.000000      0.000000      0.000000      0.000000      0.000000      0.000000  2.711656E-17
 84      729.0000      257.7520      167.0000      229.0000      3320.293     0.3942105      1.677656  0.0003179117  -3.826449E-18  2.404449E-17     -0.1591403      0.000000      0.000000      0.000000      0.000000      0.000000      0.000000  2.174985E-17
 85      729.0000      257.7520      169.0000      227.0000      3316.907      4.995259      1.674925   0.004028434  -2.363394E-18  2.548429E-17    -0.09273925      0.000000      0.000000      0.000000      0.000000      0.000000      0.000000  2.476221E-17
 86      729.0000      257.7520      171.0000      227.0000      3317.634      5.369919      1.675511   0.004330580  -1.830680E-18  2.600395E-17    -0.07040008      0.000000      0.000000      0.000000      0.000000      0.000000      0.000000  2.489790E-17
 87      729.0000      257.7520      173.0000      226.0000      3315.954      3.768032      1.674156   0.003038736   3.718216E-19  2.636344E-17     0.01410368      0.000000      0.000000      0.000000      0.000000      0.000000      0.000000  2.496082E-17
 88      729.0000      257.7520      175.0000      226.0000      3316.220      2.426867      1.674371   0.001957150   2.832350E-18  2.616008E-17      0.1082699      0.000000      0.000000      0.000000      0.000000      0.000000      0.000000  2.539663E-17
 89      729.0000      257.7520      177.0000      226.0000      3314.758      2.084656      1.673192   0.001681174   1.018456E-18  2.647745E-17     0.03846503      0.000000      0.000000      0.000000      0.000000      0.000000      0.000000  2.546753E-17
 90      729.0000      257.7520      179.0000      226.0000      3315.032      2.035977      1.673413   0.001641917   1.128753E-18  2.613696E-17     0.04318610      0.000000      0.000000      0.000000      0.000000      0.000000      0.000000  2.541568E-17
 91      729.0000      257.7520      181.0000      226.0000      3314.690      2.157507      1.673137   0.001739925  -1.891332E-18  2.667311E-17    -0.07090784      0.000000      0.000000      0.000000      0.000000      0.000000      0.000000  2.598096E-17
 92      729.0000      257.7520      183.0000      226.0000      3314.316      1.396438      1.672835   0.001126160  -2.100897E-19  2.610851E-17   -0.008046791      0.000000      0.000000      0.000000      0.000000      0.000000      0.000000  2.559011E-17
 93      729.0000      257.7520      185.0000      226.0000      3314.537      2.131220      1.673014   0.001718726   1.456091E-18  2.585313E-17     0.05632167      0.000000      0.000000      0.000000      0.000000      0.000000      0.000000  2.514962E-17
 94      729.0000      257.7520      187.0000      226.0000      3314.733      1.456483      1.673172   0.001174583   1.988604E-18  2.572792E-17     0.07729359      0.000000      0.000000      0.000000      0.000000      0.000000      0.000000  2.521410E-17
 95      729.0000      257.7520      189.0000      226.0000      3314.771      1.757968      1.673202   0.001417716   1.145523E-18  2.597193E-17     0.04410621      0.000000      0.000000      0.000000      0.000000      0.000000      0.000000  2.529932E-17
 96      729.0000      257.7520      191.0000      225.0000      3314.029      1.161788      1.672604  0.0009369255   4.244169E-19  2.583365E-17     0.01642884      0.000000      0.000000      0.000000      0.000000      0.000000      0.000000  2.508889E-17
 97      729.0000      257.7520      193.0000      225.0000      3314.054      1.435566      1.672624   0.001157715   2.179218E-19  2.615144E-17    0.008333071      0.000000      0.000000      0.000000      0.000000      0.000000      0.000000  2.536747E-17
 98      729.0000      257.7520      195.0000      225.0000      3313.604      1.696232      1.672261   0.001367929  -1.283440E-18  2.601702E-17    -0.04933078      0.000000      0.000000      0.000000      0.000000      0.000000      0.000000  2.514324E-17
 99      729.0000      257.7520      197.0000      225.0000      3313.550      1.474231      1.672218   0.001188896  -8.452071E-19  2.582994E-17    -0.03272199      0.000000      0.000000      0.000000      0.000000      0.000000      0.000000  2.494982E-17
100      729.0000      257.7520      199.0000      225.0000      3313.587      1.914189      1.672248   0.001543701  -1.050627E-18  2.540240E-17    -0.04135936      0.000000      0.000000      0.000000      0.000000      0.000000      0.000000  2.446584E-17
101      729.0000      257.7520      201.0000      225.0000      3313.835      2.139175      1.672447   0.001725141   7.470570E-20  2.522246E-17    0.002961872      0.000000      0.000000      0.000000      0.000000      0.000000      0.000000  2.426230E-17
102      729.0000      257.7520      203.0000      226.0000      3314.723      2.844894      1.673164   0.002294269  -7.816112E-18  2.507262E-17     -0.3117390      0.000000      0.000000      0.000000      0.000000      0.000000      0.000000  2.414449E-17
103      729.0000      257.7520      205.0000      228.0000      3319.500     0.4923992      1.677016  0.0003970962  -1.394643E-17  2.458809E-17     -0.5672027      0.000000      0.000000      0.000000      0.000000      0.000000      0.000000  2.370720E-17
104      729.0000      257.7520      207.0000      225.0000      3313.504      1.436306      1.672181   0.001158312   2.465950E-18  2.585198E-17     0.09538731      0.000000      0.000000      0.000000      0.000000      0.000000      0.000000  2.474944E-17
105      729.0000      257.7520      209.0000      225.0000      3313.705      2.388408      1.672343   0.001926135   5.975394E-19  2.575532E-17     0.02320062      0.000000      0.000000      0.000000      0.000000      0.000000      0.000000  2.458574E-17
106      729.0000      257.7520      211.0000      225.0000      3313.937      1.492402      1.672529   0.001203550  -1.820659E-19  2.561418E-17   -0.007108015      0.000000      0.000000      0.000000      0.000000      0.000000      0.000000  2.470017E-17
107      729.0000      257.7520      213.0000      225.0000      3313.740      2.184357      1.672371   0.001761578  -1.227393E-18  2.533636E-17    -0.04844395      0.000000      0.000000      0.000000      0.000000      0.000000      0.000000  2.419956E-17
108      729.0000      257.7520      215.0000      225.0000      3313.746      2.148264      1.672376   0.001732471  -1.609863E-18  2.534653E-17    -0.06351415      0.000000      0.000000      0.000000      0.000000      0.000000      0.000000  2.422012E-17
109      729.0000      257.7520      217.0000      225.0000      3313.336      1.658160      1.672045   0.001337226  -3.615995E-18  2.554661E-17     -0.1415450      0.000000      0.000000      0.000000      0.000000      0.000000      0.000000  2.431719E-17
110      729.0000      257.7520      219.0000      225.0000      3312.975      1.428692      1.671754   0.001152171  -1.466145E-18  2.516289E-17    -0.05826615      0.000000      0.000000      0.000000      0.000000      0.000000      0.000000  2.395817E-17
111      729.0000      257.7520      221.0000      225.0000      3313.240      1.220533      1.671967  0.0009843010   4.676434E-20  2.497095E-17    0.001872750      0.000000      0.000000      0.000000      0.000000      0.000000      0.000000  2.389158E-17
112      729.0000      257.7520      223.0000      225.0000      3313.323      1.205475      1.672035  0.0009721571  -1.871516E-18  2.523324E-17    -0.07416867      0.000000      0.000000      0.000000      0.000000      0.000000      0.000000  2.396963E-17
113      729.0000      257.7520      225.0000      225.0000      3313.093      1.366046      1.671849   0.001101650  -5.871789E-18  2.524905E-17     -0.2325549      0.000000      0.000000      0.000000      0.000000      0.000000      0.000000  2.386545E-17
114      729.0000      257.7520      227.0000      225.0000      3312.929      1.357412      1.671717   0.001094687  -7.621037E-18  2.507009E-17     -0.3039892      0.000000      0.000000      0.000000      0.000000      0.000000      0.000000  2.371312E-17
115      729.0000      257.7520      229.0000      225.0000      3313.048      1.348190      1.671813   0.001087250  -8.571945E-18  2.504321E-17     -0.3422862      0.000000      0.000000      0.000000      0.000000      0.000000      0.000000  2.365886E-17
116      729.0000      257.7520      231.0000      225.0000      3312.991      1.285329      1.671767   0.001036555  -9.254104E-18  2.520817E-17     -0.3671073      0.000000      0.000000      0.000000      0.000000      0.000000      0.000000  2.378582E-17
117      729.0000      257.7520      233.0000      225.0000      3312.939      1.891626      1.671725   0.001525505  -1.078382E-17  2.464531E-17     -0.4375608      0.000000      0.000000      0.000000      0.000000      0.000000      0.000000  2.338417E-17
118      729.0000      257.7520      235.0000      225.0000      3312.985      1.191939      1.671762  0.0009612411  -6.873684E-18  2.526912E-17     -0.2720191      0.000000      0.000000      0.000000      0.000000      0.000000      0.000000  2.378017E-17
119      729.0000      257.7520      237.0000      225.0000      3312.852      1.225904      1.671655  0.0009886323  -4.986592E-18  2.527060E-17     -0.1973278      0.000000      0.000000      0.000000      0.000000      0.000000      0.000000  2.380027E-17
120      729.0000      257.7520      239.0000      225.0000      3312.880      1.102536      1.671678  0.0008891419  -9.231518E-18  2.531220E-17     -0.3647063      0.000000      0.000000      0.000000      0.000000      0.000000      0.000000  2.380802E-17
121      729.0000      257.7520      241.0000      225.0000      3312.991      1.445676      1.671767   0.001165868  -1.275187E-17  2.536115E-17     -0.5028111      0.000000      0.000000      0.000000      0.000000      0.000000      0.000000  2.343157E-17
122      729.0000      257.7520      243.0000      225.0000      3312.993      1.326686      1.671769   0.001069908  -8.694015E-18  2.521933E-17     -0.3447361      0.000000      0.000000      0.000000      0.000000      0.000000      0.000000  2.368253E-17
123      729.0000      257.7520      245.0000      225.0000      3312.700      2.331963      1.671533   0.001880615  -1.887875E-17  2.405474E-17     -0.7848243      0.000000      0.000000      0.000000      0.000000      0.000000      0.000000  2.277460E-17
124      729.0000      257.7520      247.0000      225.0000      3313.122     0.7445995      1.671873  0.0006004834   8.024152E-18  2.688919E-17      0.2984156      0.000000      0.000000      0.000000      0.000000      0.000000      0.000000  2.499216E-17
125      729.0000      257.7520      249.0000      225.0000      3312.985      1.242153      1.671762   0.001001736  -5.512183E-18  2.546186E-17     -0.2164879      0.000000      0.000000      0.000000      0.000000      0.000000      0.000000  2.382200E-17
126      729.0000      257.7520      251.0000      225.0000      3312.721      1.229791      1.671549  0.0009917670  -1.096025E-17  2.514203E-17     -0.4359333      0.000000      0.000000      0.000000      0.000000      0.000000      0.000000  2.356391E-17
127      729.0000      257.7520      253.0000      225.0000      3312.801      1.132214      1.671613  0.0009130759  -9.485753E-18  2.534794E-17     -0.3742219      0.000000      0.000000      0.000000      0.000000      0.000000      0.000000  2.370058E-17
128      729.0000      257.7520      255.0000      225.0000      3312.570      1.087718      1.671427  0.0008771921  -5.493733E-18  2.555405E-17     -0.2149848      0.000000      0.000000      0.000000      0.000000      0.000000      0.000000  2.386037E-17
129      729.0000      257.7520      257.0000      225.0000      3312.638     0.9662490      1.671483  0.0007792331   1.223688E-18  2.603833E-17     0.04699564      0.000000      0.000000      0.000000      0.000000      0.000000      0.000000  2.423840E-17
130      729.0000      257.7520      259.0000      225.0000      3312.492     0.7249333      1.671365  0.0005846236   9.954504E-18  2.756674E-17      0.3611055      0.000000      0.000000      0.000000      0.000000      0.000000      0.000000  2.551858E-17
131      729.0000      257.7520      261.0000      225.0000      3312.573      1.036756      1.671429  0.0008360934   4.109400E-18  2.616417E-17      0.1570621      0.000000      0.000000      0.000000      0.000000      0.000000      0.000000  2.437024E-17
132      729.0000      257.7520      263.0000      225.0000      3312.522     0.8209289      1.671389  0.0006620394   2.781811E-18  2.607223E-17      0.1066963      0.000000      0.000000      0.000000      0.000000      0.000000      0.000000  2.427390E-17
133      729.0000      257.7520      265.0000      225.0000      3312.453      1.218331      1.671333  0.0009825252  -1.177031E-17  2.522328E-17     -0.4666448      0.000000      0.000000      0.000000      0.000000      0.000000      0.000000  2.356576E-17
134      729.0000      257.7520      267.0000      225.0000      3312.769     0.8270279      1.671588  0.0006669579   7.591463E-18  2.668204E-17      0.2845159      0.000000      0.000000      0.000000      0.000000      0.000000      0.000000  2.483878E-17
135      729.0000      257.7520      269.0000      225.0000      3312.514     0.7251186      1.671382  0.0005847731   3.560325E-18  2.632361E-17      0.1352521      0.000000      0.000000      0.000000      0.000000      0.000000      0.000000  2.456795E-17
136      729.0000      257.7520      271.0000      225.0000      3312.519     0.8004813      1.671386  0.0006455494   3.192097E-18  2.626100E-17      0.1215527      0.000000      0.000000      0.000000      0.000000      0.000000      0.000000  2.458531E-17
137      729.0000      257.7520      273.0000      225.0000      3312.727     0.9821156      1.671554  0.0007920287   5.242175E-18  2.636295E-17      0.1988463      0.000000      0.000000      0.000000      0.000000      0.000000      0.000000  2.471876E-17
138      729.0000      257.7520      275.0000      225.0000      3312.675     0.7136115      1.671512  0.0005754931   7.643725E-18  2.661556E-17      0.2871901      0.000000      0.000000      0.000000      0.000000      0.000000      0.000000  2.495577E-17
139      729.0000      257.7520      277.0000      225.0000      3312.908     0.6399812      1.671700  0.0005161139   2.095775E-17  2.795090E-17      0.7498061      0.000000      0.000000      0.000000      0.000000      0.000000      0.000000  2.616809E-17
140      729.0000      257.7520      279.0000      225.0000      3312.722     0.6751783      1.671550  0.0005444986   4.837765E-18  2.599128E-17      0.1861303      0.000000      0.000000      0.000000      0.000000      0.000000      0.000000  2.442210E-17
141      729.0000      257.7520      281.0000      225.0000      3312.792     0.7647107      1.671607  0.0006167022   8.060726E-18  2.621591E-17      0.3074746      0.000000      0.000000      0.000000      0.000000      0.000000      0.000000  2.463222E-17
