AP       XCENTER       YCENTER        APSIZE       PIXPEAK          WAVE       WAVEERR             Z          ZERR         SIGNAL         NOISE          RATIO      BBEWREST   BBEWRESTERR       WAVEFIT    WAVEFITERR          FWHM       FWHMERR          FLIM
-- ------------- ------------- ------------- ------------- ------------- ------------- ------------- ------------- -------------- ------------- -------------- ------------- ------------- ------------- ------------- ------------- ------------- -------------
 1      714.0000      117.1910      5.000000      175.0000      3251.479      9.228606      1.674639   0.007591374  -1.739734E-18  2.081578E-18     -0.8357766      0.000000      0.000000      0.000000      0.000000      0.000000      0.000000  9.545236E-19
 2      714.0000      122.1910      5.000000      174.0000      3249.960      4.400711      1.673390   0.003619988  -2.063037E-18  2.096514E-18     -0.9840321      0.000000      0.000000      0.000000      0.000000      0.000000      0.000000  8.326600E-19
 3      714.0000      127.1910      5.000000      173.0000      3248.130      5.220262      1.671885   0.004294144  -3.105716E-18  2.144504E-18      -1.448221      0.000000      0.000000      0.000000      0.000000      0.000000      0.000000  1.008579E-18
 4      714.0000      132.1910      5.000000      174.0000      3249.930      4.829270      1.673365   0.003972517  -2.921490E-18  2.787742E-18      -1.047977      0.000000      0.000000      0.000000      0.000000      0.000000      0.000000  1.031444E-18
 5      714.0000      137.1910      5.000000      174.0000      3250.117      6.877009      1.673519   0.005656970  -3.251789E-18  2.081293E-18      -1.562389      0.000000      0.000000      0.000000      0.000000      0.000000      0.000000  1.025859E-18
 6      714.0000      142.1910      5.000000      173.0000      3248.218      12.67891      1.671957    0.01042957   1.204297E-18  1.954601E-18      0.6161343      0.000000      0.000000      0.000000      0.000000      0.000000      0.000000  9.459691E-19
 7      714.0000      147.1910      5.000000      172.0000      3246.438      13.72157      1.670493    0.01128725   1.319736E-18  2.226223E-18      0.5928140      0.000000      0.000000      0.000000      0.000000      0.000000      0.000000  9.814181E-19
 8      714.0000      152.1910      5.000000      171.0000      3245.415      7.731184      1.669651   0.006359607   1.526806E-18  2.181808E-18      0.6997895      0.000000      0.000000      0.000000      0.000000      0.000000      0.000000  9.315863E-19
 9      714.0000      157.1910      5.000000      173.0000      3248.170      2.618357      1.671918   0.002153838   4.403008E-18  2.200062E-18       2.001311      2.596939      1.309978      3246.961      5.094359      11.78824      8.949273  8.721815E-19
10      714.0000      162.1910      5.000000      172.0000      3246.557      2.236633      1.670591   0.001839835   4.972265E-18  1.983031E-18       2.507407      2.934150      1.187641      3247.077      1.095222      8.138255      2.564252  8.046166E-19
11      714.0000      167.1910      5.000000      172.0000      3245.633      2.292867      1.669831   0.001886093   8.238814E-18  2.129995E-18       3.867997      4.863136      1.301442      3246.708     0.9778253      9.455274      2.063866  1.081084E-18
12      714.0000      172.1910      5.000000      172.0000      3246.257      1.071374      1.670344  0.0008813035   1.668462E-17  2.150893E-18       7.757064      9.846559      1.440342      3246.670     0.6084193      10.86848      1.496830  8.424808E-19
13      714.0000      177.1910      5.000000      172.0000      3246.495     0.9277893      1.670540  0.0007631917   2.077714E-17  2.115939E-18       9.819344      12.26089      1.509125      3246.052     0.3631700      9.301697     0.8096428  9.358742E-19
14      714.0000      182.1910      5.000000      173.0000      3247.724     0.7195836      1.671551  0.0005919234   2.302571E-17  1.869721E-18       12.31505      13.58267      1.448458      3246.928     0.3852110      11.47738     0.9628195  8.144041E-19
15      714.0000      187.1910      5.000000      173.0000      3249.301     0.6202641      1.672848  0.0005102240   2.667519E-17  1.992157E-18       13.39011      15.72783      1.600521      3248.751     0.3449484      11.95196     0.8625949  9.480486E-19
16      714.0000      192.1910      5.000000      173.0000      3249.283     0.9072844      1.672833  0.0007463245   2.711511E-17  2.217449E-18       12.22807      15.98729      1.711930      3249.258     0.3882665      11.80737     0.9864879  9.720821E-19
17      714.0000      197.1910      5.000000      174.0000      3250.314     0.7154766      1.673681  0.0005885451   2.873361E-17  2.251959E-18       12.75938      16.93620      1.769884      3249.837     0.3384748      11.51431     0.7621663  9.551288E-19
18      714.0000      202.1910      5.000000      174.0000      3250.206     0.7500637      1.673592  0.0006169961   2.522128E-17  2.248844E-18       11.21522      14.86646      1.677260      3250.219     0.3652700      11.22765      1.033914  8.611393E-19
19      714.0000      207.1910      5.000000      175.0000      3251.645     0.9256238      1.674776  0.0007614104   2.063570E-17  2.131802E-18       9.679934      12.15814      1.511266      3251.014     0.3604134      9.652222     0.8134726  8.654394E-19
20      714.0000      212.1910      5.000000      174.0000      3251.262      1.362832      1.674461   0.001121054   1.571566E-17  1.962867E-18       8.006480      9.260443      1.321948      3251.196     0.4578429      9.951951     0.9690968  8.072782E-19
21      714.0000      217.1910      5.000000      174.0000      3249.478      1.412732      1.672993   0.001162102   1.123041E-17  1.943557E-18       5.778277      6.621147      1.233896      3250.359      1.097745      13.57899      3.929031  1.062325E-18
22      714.0000      222.1910      5.000000      175.0000      3252.430      3.482369      1.675421   0.002864568   4.781104E-18  2.076433E-18       2.302556      2.816251      1.238494      3252.693      3.495461      12.91936      6.758632  8.781378E-19
23      714.0000      227.1910      5.000000      173.0000      3248.735      9.342750      1.672382   0.007685267   3.965327E-19  2.263961E-18      0.1751500      0.000000      0.000000      0.000000      0.000000      0.000000      0.000000  1.044678E-18
24      714.0000      232.1910      5.000000      173.0000      3248.355      4.879717      1.672069   0.004014015  -3.606207E-18  2.322597E-18      -1.552662      0.000000      0.000000      0.000000      0.000000      0.000000      0.000000  8.976973E-19
25      714.0000      237.1910      5.000000      175.0000      3251.870     0.3461168      1.674961  0.0002847128   5.157264E-19  2.226148E-18      0.2316676      0.000000      0.000000      0.000000      0.000000      0.000000      0.000000  7.710815E-19
26      714.0000      242.1910      5.000000      173.0000      3248.551      5.898330      1.672230   0.004851917  -1.245351E-18  2.101819E-18     -0.5925109      0.000000      0.000000      0.000000      0.000000      0.000000      0.000000  8.374478E-19
27      714.0000      247.1910      5.000000      173.0000      3248.582      1.723580      1.672256   0.001417802  -4.484217E-18  2.338903E-18      -1.917230      0.000000      0.000000      0.000000      0.000000      0.000000      0.000000  7.925395E-19
28      714.0000      252.1910      5.000000      171.0000      3245.195      5.781314      1.669470   0.004755660  -2.627179E-18  1.989544E-18      -1.320493      0.000000      0.000000      0.000000      0.000000      0.000000      0.000000  7.100988E-19
29      714.0000      257.1910      5.000000      174.0000      3249.763      11.88822      1.673228   0.009779150  -5.277877E-21  2.151763E-18   -0.002452816      0.000000      0.000000      0.000000      0.000000      0.000000      0.000000  7.450742E-19
