 1      729.0000      187.7520      5.000000      0.000000      0.000000      0.000000      0.000000      0.000000   5.393479E-19  7.707835E-19      0.6997398      0.000000      0.000000      0.000000      0.000000      0.000000      0.000000  2.767211E-19
 2      729.0000      192.7520      5.000000      0.000000      0.000000      0.000000      0.000000      0.000000   6.131732E-19  8.080122E-19      0.7588663      0.000000      0.000000      0.000000      0.000000      0.000000      0.000000  2.933037E-19
 3      729.0000      197.7520      5.000000      0.000000      0.000000      0.000000      0.000000      0.000000  -3.710217E-19  7.669403E-19     -0.4837688      0.000000      0.000000      0.000000      0.000000      0.000000      0.000000  3.556421E-19
 4      729.0000      202.7520      5.000000      0.000000      0.000000      0.000000      0.000000      0.000000   8.266917E-20  7.293377E-19      0.1133483      0.000000      0.000000      0.000000      0.000000      0.000000      0.000000  2.340903E-19
 5      729.0000      207.7520      5.000000      0.000000      0.000000      0.000000      0.000000      0.000000  -1.765873E-20  7.723267E-19    -0.02286432      0.000000      0.000000      0.000000      0.000000      0.000000      0.000000  2.895663E-19
 6      729.0000      212.7520      5.000000      0.000000      0.000000      0.000000      0.000000      0.000000   3.990969E-19  7.641915E-19      0.5222473      0.000000      0.000000      0.000000      0.000000      0.000000      0.000000  2.765671E-19
 7      729.0000      217.7520      5.000000      0.000000      0.000000      0.000000      0.000000      0.000000  -2.684358E-19  7.471304E-19     -0.3592890      0.000000      0.000000      0.000000      0.000000      0.000000      0.000000  2.806228E-19
 8      729.0000      222.7520      5.000000      0.000000      0.000000      0.000000      0.000000      0.000000   2.580831E-19  7.898072E-19      0.3267672      0.000000      0.000000      0.000000      0.000000      0.000000      0.000000  2.899148E-19
 9      729.0000      227.7520      5.000000      0.000000      0.000000      0.000000      0.000000      0.000000  -1.259106E-19  7.679985E-19     -0.1639464      0.000000      0.000000      0.000000      0.000000      0.000000      0.000000  2.626339E-19
10      729.0000      232.7520      5.000000      0.000000      0.000000      0.000000      0.000000      0.000000   8.634412E-19  7.561573E-19       1.141880      0.000000      0.000000      0.000000      0.000000      0.000000      0.000000  2.273629E-19
11      729.0000      237.7520      5.000000      0.000000      0.000000      0.000000      0.000000      0.000000  -3.026402E-20  7.532133E-19    -0.04017989      0.000000      0.000000      0.000000      0.000000      0.000000      0.000000  2.768335E-19
12      729.0000      242.7520      5.000000      0.000000      0.000000      0.000000      0.000000      0.000000  -2.744164E-19  7.085064E-19     -0.3873168      0.000000      0.000000      0.000000      0.000000      0.000000      0.000000  2.620526E-19
13      729.0000      247.7520      5.000000      0.000000      0.000000      0.000000      0.000000      0.000000   3.367104E-19  7.999471E-19      0.4209159      0.000000      0.000000      0.000000      0.000000      0.000000      0.000000  2.786040E-19
14      729.0000      252.7520      5.000000      0.000000      0.000000      0.000000      0.000000      0.000000   1.386734E-19  8.115101E-19      0.1708832      0.000000      0.000000      0.000000      0.000000      0.000000      0.000000  2.780574E-19
15      729.0000      257.7520      5.000000      0.000000      0.000000      0.000000      0.000000      0.000000   3.458461E-19  8.024979E-19      0.4309620      0.000000      0.000000      0.000000      0.000000      0.000000      0.000000  3.051680E-19
16      729.0000      262.7520      5.000000      0.000000      0.000000      0.000000      0.000000      0.000000   1.616117E-19  7.853212E-19      0.2057906      0.000000      0.000000      0.000000      0.000000      0.000000      0.000000  2.922353E-19
17      729.0000      267.7520      5.000000      0.000000      0.000000      0.000000      0.000000      0.000000  -1.272716E-20  8.245112E-19    -0.01543600      0.000000      0.000000      0.000000      0.000000      0.000000      0.000000  3.029914E-19
18      729.0000      272.7520      5.000000      0.000000      0.000000      0.000000      0.000000      0.000000  -2.747053E-19  8.034421E-19     -0.3419105      0.000000      0.000000      0.000000      0.000000      0.000000      0.000000  2.669950E-19
19      729.0000      277.7520      5.000000      0.000000      0.000000      0.000000      0.000000      0.000000   3.758252E-19  7.908287E-19      0.4752296      0.000000      0.000000      0.000000      0.000000      0.000000      0.000000  3.294838E-19
20      729.0000      282.7520      5.000000      0.000000      0.000000      0.000000      0.000000      0.000000   1.012221E-19  7.863114E-19      0.1287303      0.000000      0.000000      0.000000      0.000000      0.000000      0.000000  2.773845E-19
21      729.0000      287.7520      5.000000      0.000000      0.000000      0.000000      0.000000      0.000000   4.605938E-19  7.550735E-19      0.6099987      0.000000      0.000000      0.000000      0.000000      0.000000      0.000000  2.902932E-19
22      729.0000      292.7520      5.000000      0.000000      0.000000      0.000000      0.000000      0.000000  -2.622986E-19  7.830596E-19     -0.3349663      0.000000      0.000000      0.000000      0.000000      0.000000      0.000000  3.093589E-19
23      729.0000      297.7520      5.000000      0.000000      0.000000      0.000000      0.000000      0.000000  -5.985989E-19  8.604814E-19     -0.6956559      0.000000      0.000000      0.000000      0.000000      0.000000      0.000000  3.555541E-19
24      729.0000      302.7520      5.000000      0.000000      0.000000      0.000000      0.000000      0.000000   7.160748E-22  6.960725E-19    0.001028736      0.000000      0.000000      0.000000      0.000000      0.000000      0.000000  2.724109E-19
25      729.0000      307.7520      5.000000      0.000000      0.000000      0.000000      0.000000      0.000000   2.775684E-19  7.647697E-19      0.3629438      0.000000      0.000000      0.000000      0.000000      0.000000      0.000000  3.033861E-19
26      729.0000      312.7520      5.000000      0.000000      0.000000      0.000000      0.000000      0.000000  -2.288699E-19  8.082589E-19     -0.2831642      0.000000      0.000000      0.000000      0.000000      0.000000      0.000000  3.024228E-19
27      729.0000      317.7520      5.000000      0.000000      0.000000      0.000000      0.000000      0.000000  -4.337609E-20  7.598638E-19    -0.05708403      0.000000      0.000000      0.000000      0.000000      0.000000      0.000000  2.760371E-19
28      729.0000      322.7520      5.000000      0.000000      0.000000      0.000000      0.000000      0.000000   1.433986E-19  7.361797E-19      0.1947875      0.000000      0.000000      0.000000      0.000000      0.000000      0.000000  2.937483E-19
29      729.0000      327.7520      5.000000      0.000000      0.000000      0.000000      0.000000      0.000000   1.601042E-19  8.576976E-19      0.1866674      0.000000      0.000000      0.000000      0.000000      0.000000      0.000000  4.372416E-19
