  Aperture        CIV-Lya         CIV-Lya error        Lya-HeII         Lya-HeII error        OII-CIV        OII-CIV error         OII-HeII        OII-HeII error        CIII-CIV        CIII-CIV error
---------------------------------------------------------------------------------------------------------------------------------------------------------------
     60      -0.0159595121458021       0.0892824061228006     531.8490927567770541   21117.0119687058177078       4.9017083921353652      29.6672574909805249     -41.6059559937458090    1654.7532891315761390      -1.0495702366843329       6.8657332981588182      -0.1178126610736258       4.7233582953066859
     61      -0.0159595121458021       0.0892824061228006     531.8490927567770541   21117.0119687058177078       4.9017083921353652      29.6672574909805249     -41.6059559937458090    1654.7532891315761390      -1.0495702366843329       6.8657332981588182      -0.1178126610736258       4.7233582953066859
     62      -0.0159595121458021       0.0892824061228006     531.8490927567770541   21117.0119687058177078       4.9017083921353652      29.6672574909805249     -41.6059559937458090    1654.7532891315761390      -1.0495702366843329       6.8657332981588182      -0.1178126610736258       4.7233582953066859
     63      -0.0159595121458021       0.0892824061228006     531.8490927567770541   21117.0119687058177078       4.9017083921353652      29.6672574909805249     -41.6059559937458090    1654.7532891315761390      -1.0495702366843329       6.8657332981588182      -0.1178126610736258       4.7233582953066859
     64      -0.0159595121458021       0.0892824061228006     531.8490927567770541   21117.0119687058177078       4.9017083921353652      29.6672574909805249     -41.6059559937458090    1654.7532891315761390      -1.0495702366843329       6.8657332981588182      -0.1178126610736258       4.7233582953066859
     65      -0.0159595121458021       0.0892824061228006     531.8490927567770541   21117.0119687058177078       4.9017083921353652      29.6672574909805249     -41.6059559937458090    1654.7532891315761390      -1.0495702366843329       6.8657332981588182      -0.1178126610736258       4.7233582953066859
     66      -0.0159595121458021       0.0892824061228006     531.8490927567770541   21117.0119687058177078       4.9017083921353652      29.6672574909805249     -41.6059559937458090    1654.7532891315761390      -1.0495702366843329       6.8657332981588182      -0.1178126610736258       4.7233582953066859
     67      -0.0159595121458021       0.0892824061228006     531.8490927567770541   21117.0119687058177078       4.9017083921353652      29.6672574909805249     -41.6059559937458090    1654.7532891315761390      -1.0495702366843329       6.8657332981588182      -0.1178126610736258       4.7233582953066859
     68      -0.0159595121458021       0.0892824061228006     531.8490927567770541   21117.0119687058177078       4.9017083921353652      29.6672574909805249     -41.6059559937458090    1654.7532891315761390      -1.0495702366843329       6.8657332981588182      -0.1178126610736258       4.7233582953066859
     69      -0.0159595121458021       0.0892824061228006     531.8490927567770541   21117.0119687058177078       4.9017083921353652      29.6672574909805249     -41.6059559937458090    1654.7532891315761390      -1.0495702366843329       6.8657332981588182      -0.1178126610736258       4.7233582953066859
     70      -0.0159595121458021       0.0892824061228006     531.8490927567770541   21117.0119687058177078       4.9017083921353652      29.6672574909805249     -41.6059559937458090    1654.7532891315761390      -1.0495702366843329       6.8657332981588182      -0.1178126610736258       4.7233582953066859
     71      -0.0159595121458021       0.0892824061228006     531.8490927567770541   21117.0119687058177078       4.9017083921353652      29.6672574909805249     -41.6059559937458090    1654.7532891315761390      -1.0495702366843329       6.8657332981588182      -0.1178126610736258       4.7233582953066859
     72      -0.0159595121458021       0.0892824061228006     531.8490927567770541   21117.0119687058177078       4.9017083921353652      29.6672574909805249     -41.6059559937458090    1654.7532891315761390      -1.0495702366843329       6.8657332981588182      -0.1178126610736258       4.7233582953066859
     73      -0.0159595121458021       0.0892824061228006     531.8490927567770541   21117.0119687058177078       4.9017083921353652      29.6672574909805249     -41.6059559937458090    1654.7532891315761390      -1.0495702366843329       6.8657332981588182      -0.1178126610736258       4.7233582953066859
     74      -0.0159595121458021       0.0892824061228006     531.8490927567770541   21117.0119687058177078       4.9017083921353652      29.6672574909805249     -41.6059559937458090    1654.7532891315761390      -1.0495702366843329       6.8657332981588182      -0.1178126610736258       4.7233582953066859
     75      -0.0159595121458021       0.0892824061228006     531.8490927567770541   21117.0119687058177078       4.9017083921353652      29.6672574909805249     -41.6059559937458090    1654.7532891315761390      -1.0495702366843329       6.8657332981588182      -0.1178126610736258       4.7233582953066859
     76      -0.0159595121458021       0.0892824061228006     531.8490927567770541   21117.0119687058177078       4.9017083921353652      29.6672574909805249     -41.6059559937458090    1654.7532891315761390      -1.0495702366843329       6.8657332981588182      -0.1178126610736258       4.7233582953066859
     77      -0.0159595121458021       0.0892824061228006     531.8490927567770541   21117.0119687058177078       4.9017083921353652      29.6672574909805249     -41.6059559937458090    1654.7532891315761390      -1.0495702366843329       6.8657332981588182      -0.1178126610736258       4.7233582953066859
     78      -0.0159595121458021       0.0892824061228006     531.8490927567770541   21117.0119687058177078       4.9017083921353652      29.6672574909805249     -41.6059559937458090    1654.7532891315761390      -1.0495702366843329       6.8657332981588182      -0.1178126610736258       4.7233582953066859
     79      -0.0159595121458021       0.0892824061228006     531.8490927567770541   21117.0119687058177078       4.9017083921353652      29.6672574909805249     -41.6059559937458090    1654.7532891315761390      -1.0495702366843329       6.8657332981588182      -0.1178126610736258       4.7233582953066859
     80      -0.0159595121458021       0.0892824061228006     531.8490927567770541   21117.0119687058177078       4.9017083921353652      29.6672574909805249     -41.6059559937458090    1654.7532891315761390      -1.0495702366843329       6.8657332981588182      -0.1178126610736258       4.7233582953066859
     81      -0.0159595121458021       0.0892824061228006     531.8490927567770541   21117.0119687058177078       4.9017083921353652      29.6672574909805249     -41.6059559937458090    1654.7532891315761390      -1.0495702366843329       6.8657332981588182      -0.1178126610736258       4.7233582953066859
     82      -0.0159595121458021       0.0892824061228006     531.8490927567770541   21117.0119687058177078       4.9017083921353652      29.6672574909805249     -41.6059559937458090    1654.7532891315761390      -1.0495702366843329       6.8657332981588182      -0.1178126610736258       4.7233582953066859
     83      -0.0159595121458021       0.0892824061228006     531.8490927567770541   21117.0119687058177078       4.9017083921353652      29.6672574909805249     -41.6059559937458090    1654.7532891315761390      -1.0495702366843329       6.8657332981588182      -0.1178126610736258       4.7233582953066859
     84      -0.0159595121458021       0.0892824061228006     531.8490927567770541   21117.0119687058177078       4.9017083921353652      29.6672574909805249     -41.6059559937458090    1654.7532891315761390      -1.0495702366843329       6.8657332981588182      -0.1178126610736258       4.7233582953066859
     85      -0.0159595121458021       0.0892824061228006     531.8490927567770541   21117.0119687058177078       4.9017083921353652      29.6672574909805249     -41.6059559937458090    1654.7532891315761390      -1.0495702366843329       6.8657332981588182      -0.1178126610736258       4.7233582953066859
     86      -0.0159595121458021       0.0892824061228006     531.8490927567770541   21117.0119687058177078       4.9017083921353652      29.6672574909805249     -41.6059559937458090    1654.7532891315761390      -1.0495702366843329       6.8657332981588182      -0.1178126610736258       4.7233582953066859
     87      -0.0159595121458021       0.0892824061228006     531.8490927567770541   21117.0119687058177078       4.9017083921353652      29.6672574909805249     -41.6059559937458090    1654.7532891315761390      -1.0495702366843329       6.8657332981588182      -0.1178126610736258       4.7233582953066859
     88      -0.0159595121458021       0.0892824061228006     531.8490927567770541   21117.0119687058177078       4.9017083921353652      29.6672574909805249     -41.6059559937458090    1654.7532891315761390      -1.0495702366843329       6.8657332981588182      -0.1178126610736258       4.7233582953066859
     89      -0.0159595121458021       0.0892824061228006     531.8490927567770541   21117.0119687058177078       4.9017083921353652      29.6672574909805249     -41.6059559937458090    1654.7532891315761390      -1.0495702366843329       6.8657332981588182      -0.1178126610736258       4.7233582953066859
     96      -0.0159595121458021       0.0892824061228006     531.8490927567770541   21117.0119687058177078       4.9017083921353652      29.6672574909805249     -41.6059559937458090    1654.7532891315761390      -1.0495702366843329       6.8657332981588182      -0.1178126610736258       4.7233582953066859
