  Aperture    CIV-Lya     CIV-Lya error    Lya-HeII     Lya-HeII error    OII-CIV    OII-CIV error     OII-HeII    OII-HeII error    CIII-CIV    CIII-CIV error
---------------------------------------------------------------------------------------------------------------------------------------------------------------
     58     -0.0027668      0.0362514     26.2923737     21.0625324    -28.8348770    378.4640198      2.0976112      2.3384445     -9.3059158    122.2960815
     59      0.0339471      0.0414784     27.6746635     26.6438427      2.8958056      4.0825024      2.7205360      3.2436006      1.3804533      1.8754090
     60      0.0394534      0.0430458     19.6709766     12.9129429      3.8184912      4.5286984      2.9634778      2.3838913      1.5237499      1.8077372
     61      0.0182776      0.0397487     16.0381947      8.4433422      6.1504822     13.7913723      1.8029495      1.3680366      1.5936210      3.7938342
     62     -0.0018804      0.0367277     13.0820351      5.7189965    -77.7741776   1519.4217529      1.9132366      1.1776998    -20.8433228    407.3798523
     63      0.0373546      0.0372791     14.2765875      6.1099401      4.9268551      5.1582017      2.6274734      1.3985269      1.2136118      1.4025786
     64      0.0506960      0.0312496     17.9624138      8.1700258      2.4896312      1.7648367      2.2671161      1.3012148      1.0804456      0.7842300
     65      0.0687575      0.0361279     11.5107412      3.8134284      1.8264283      1.2468498      1.4455260      0.7913612      0.7722557      0.5348766
     66      0.0686559      0.0345985     11.6399860      4.2167916      1.4932082      1.1071286      1.1933022      0.7797837      0.4924879      0.4427288
     67      0.0691809      0.0355115     14.6626959      6.3028445      1.2832484      0.9378856      1.3016996      0.8784817      0.9337000      0.5851597
     68      0.0625949      0.0326361     12.5138464      4.0916405      2.1979496      1.3911874      1.7216613      0.8358275      0.7288432      0.4943070
     69      0.0838438      0.0339196     12.6175613      4.4810724      0.9730052      0.7199184      1.0293462      0.7350296      0.5922498      0.3647713
     70      0.0709622      0.0399366      9.3302259      3.0268977      1.1824414      1.0561956      0.7828866      0.5995008      0.9544165      0.6375346
     71      0.0633989      0.0313949      9.8544874      2.6315279      0.8887701      0.9272816      0.5552713      0.5310408      0.7918303      0.5148908
     72      0.0575349      0.0306718      8.3784857      2.0953972      0.7477972      0.9951365      0.3604794      0.4486871      0.8917553      0.6194003
     73      0.0703153      0.0282353     10.0605125      2.4160037      0.3879228      0.7654340      0.2744195      0.5342229      0.7918618      0.4159798
     74      0.0758784      0.0316242      9.1877861      2.3737004      0.8831127      0.7291827      0.6156664      0.4667791      0.8476357      0.4333752
     75      0.0633242      0.0296705     10.0282259      2.5103409      0.3069322      0.7381480      0.1949109      0.4623447      1.3053603      0.6730865
     76      0.0772792      0.0383473     10.8062830      3.6226559      0.0730487      0.7178329      0.0610031      0.5990476      0.8905426      0.5349150
     77      0.0524607      0.0286936      8.8212404      1.9850811     -0.1331483      0.9425413     -0.0616169      0.4350958      1.1422656      0.7212518
     78      0.0605129      0.0300433      8.6968193      2.0199347      0.6142246      0.9176258      0.3232479      0.4616186      0.9672518      0.5820692
     79      0.0347832      0.0286494      9.2239113      2.2506785      0.6813648      1.5030316      0.2186074      0.4505215      1.6121910      1.4274390
     80      0.0759419      0.0328228     10.0952845      2.7666388      0.3047243      0.7100313      0.2336186      0.5387207      0.8093044      0.4397472
     81      0.0715826      0.0318210      9.2931385      2.4367852      0.2187579      0.8243621      0.1455236      0.5458941      0.9936386      0.5304546
     82      0.0724293      0.0285931     10.1694870      2.5063717      0.4964467      0.7159050      0.3656669      0.5151140      0.8205419      0.4221961
     83      0.0663116      0.0297489      7.9900513      1.7812554      0.4796310      0.8053890      0.2541245      0.4150949      0.5395461      0.3928982
     84      0.0868896      0.0397664      7.5761876      2.0060182      0.7013658      0.7836438      0.4617032      0.4862227      0.9578850      0.5126073
     85      0.0763333      0.0334250      8.7190676      2.2853827      0.5382168      0.7431497      0.3582128      0.4783809      0.8407995      0.4480076
     86      0.0619644      0.0317377      9.0022840      2.3181798      0.3443502      0.8265325      0.1920859      0.4531458      0.6946498      0.5049926
     87      0.0747460      0.0344417      8.5652084      2.2192895      0.9103675      0.8452868      0.5828306      0.4934987      0.9499293      0.5161324
     88      0.0866077      0.0339011      9.8680544      2.9036183      1.0084473      0.7872921      0.8618693      0.6350105      0.8070915      0.4133523
     89      0.1185598      0.0456435      8.9237518      2.9860237      0.5245817      0.5850621      0.5550066      0.6099099      0.5097469      0.3120137
     90      0.1331932      0.0492243      7.4941754      2.3754880      0.0219136      0.5691929      0.0218736      0.5681381      0.5809832      0.2994506
     91      0.0935661      0.0423302     16.2005348      8.1414747      0.4870766      0.6607373      0.7383208      1.0145043      0.5501703      0.3927842
     92      0.0632916      0.0420874     11.7647390      4.9873748      0.6306381      1.2079217      0.4695790      0.8666577      1.0697509      0.8307741
     93      0.0482584      0.0504347      9.5988312      4.1340137      0.6305388      1.9175045      0.2920810      0.8435675      1.3611507      1.5806890
     94      0.1026888      0.0560577     12.1886797      6.7448287     -0.0713695      0.9217370     -0.0893290      1.1537119      0.7669926      0.5388700
     95      0.0548590      0.0500741     17.3198814     11.8828459     -1.3402019      1.9745119     -1.2733943      1.7122961      0.7532917      0.9071998
     96      0.0623944      0.0546188     10.9619598      5.9565921     -0.4484265      1.5515758     -0.3067081      1.0401381      0.0633052      0.6537910
     97      0.0746865      0.0617446     11.6065550      7.0876360     -0.4126475      1.3865050     -0.3577049      1.1852504      0.4501104      0.6834297
     99      0.0581118      0.0671133     20.3930283     21.7380924     -0.2061194      1.9409246     -0.2442669      2.2975776      0.9117417      1.3115015
    100      0.0135948      0.0588295     15.8818989     13.2123251     -3.8924313     18.3504410     -0.8404220      1.7206399      2.9671566     13.2650337
