  Aperture          CIV-Lya              CIV-Lya error             Lya-HeII               Lya-HeII error              OII-CIV               OII-CIV error               OII-HeII               OII-HeII error              CIII-CIV               CIII-CIV error              HeII-CIV               HeII-CIV error
---------------------------------------------------------------------------------------------------------------------------------------------------------------------------------------------------------------------------------------------------------------------------------------------------------------------------
     60       0.0394533579018315       0.0430457794506051      19.6709763783077953      12.9129425220388452       3.8184911079645856       4.5286984300070090       2.9634777623958404       2.3838913034373070       1.5237499835453479       1.8077372287457030       1.2885168758200853       1.6047383737272010
     61       0.0182775908692911       0.0397487197885875      16.0381942298668072       8.4433424720406816       6.1504821189264716      13.7913725132401055       1.8029495754830616       1.3680366243884474       1.5936210065727054       3.7938341338188417       3.4113445004575809       7.5821449538335930
     62      -0.0018804334177810       0.0367277239705090      13.0820353966426985       5.7189964079340125     -77.7741746313507889    1519.4217411153108515       1.9132366488271757       1.1776997972261036     -20.8433220731499453     407.3798464893692426     -40.6505774803272644     794.0979192863381968
     63       0.0373546039316044       0.0372791289302677      14.2765870918108480       6.1099399687995524       4.9268551013991120       5.1582019153750753       2.6274733809562472       1.3985269601531851       1.2136118956383102       1.4025785916253546       1.8751303579737975       1.9892425683850197
     64       0.0506960405269953       0.0312495969947849      17.9624145022434476       8.1700261683831226       2.4896311061740777       1.7648366273807541       2.2671160776746340       1.3012148137133299       1.0804456929097688       0.7842299703119984       1.0981489349798426       0.8131002705483725
     65       0.0687574887606845       0.0361279431660208      11.5107410958106584       3.8134284295391785       1.8264282574120525       1.2468497289549429       1.4455260078593428       0.7913611923410608       0.7722556698985118       0.5348765712086839       1.2635042520727675       0.7374693997792171
     66       0.0686558598972756       0.0345984887672775      11.6399862635871454       4.2167916254814903       1.4932081790327143       1.1071286701132428       1.1933021932696750       0.7797837103093361       0.4924878837741043       0.4427287593625978       1.2513244234817755       0.7289968135274952
     67       0.0691808983825900       0.0355115151392121      14.6626961759753165       6.3028445624628509       1.2832484724493975       0.9378855851902483       1.3016996531226774       0.8784816633570115       0.9336999509095781       0.5851596825427985       0.9858253164399199       0.6252807052617176
     68       0.0625949312667918       0.0326361248634172      12.5138459595038078       4.0916405472031805       2.1979497301031570       1.3911873930629286       1.7216613377474763       0.8358275354334007       0.7288431508513443       0.4943070408752148       1.2766446466056032       0.7453670230257273
     69       0.0838437829155812       0.0339195572476994      12.6175616214703243       4.4810723210624470       0.9730052472256058       0.7199183698104921       1.0293462379431031       0.7350295506803987       0.5922497708968623       0.3647713210880620       0.9452652677586105       0.4705044930667004
     70       0.0709621987478862       0.0399365865517152       9.3302262526360185       3.0268977369870371       1.1824414033330282       1.0561956386474716       0.7828866132082837       0.5995007717996316       0.9544164630879228       0.6375345830327475       1.5103609940235938       0.9097825545518116
     71       0.0633989041324288       0.0313949348138376       9.8544871566293395       2.6315279849074318       0.8887701076880455       0.9272816178908386       0.5552712889456446       0.5310407993394386       0.7918302876478709       0.5148908767756647       1.6006051913392683       0.8487000153319640
     72       0.0575348702369619       0.0306717682223100       8.3784859054037675       2.0953973171971407       0.7477971849084354       0.9951364808424432       0.3604794462644022       0.4486871197110830       0.8917553620822267       0.6194003275847052       2.0744516578067138       1.1445923225391403
     73       0.0703152617485038       0.0282353165128218      10.0605126160163501       2.4160036548150190       0.3879227588190010       0.7654340223523044       0.2744194992359279       0.5342229259108162       0.7918618115406777       0.4159798309131669       1.4136122247110818       0.6127037378075642
     74       0.0758784486164711       0.0316241803006650       9.1877864862741561       2.3737003970787223       0.8831126772297205       0.7291827319662719       0.6156664050688841       0.4667791348885782       0.8476356909014419       0.4333752468324870       1.4344012763387877       0.6448417441436819
     75       0.0633241741358775       0.0296705106119490      10.0282257976861349       2.5103408924562882       0.3069322171846965       0.7381479782157441       0.1949108947614501       0.4623446679567920       1.3053603380550762       0.6730864549680736       1.5747309433900472       0.7879585293776598
     76       0.0772792421724283       0.0383473283555162      10.8062826602085238       3.6226559874826640       0.0730487498476283       0.7178329055306175       0.0610031084946035       0.5990476166963998       0.8905425472944770       0.5349149514828215       1.1974594680546538       0.6640691056006682
     77       0.0524607369647242       0.0286936426640042       8.8212408428288054       1.9850810728434787      -0.1331483349799354       0.9425412934879120      -0.0616168946092343       0.4350957597446754       1.1422655458243014       0.7212517576266894       2.1609062875424585       1.2222511802224938
     78       0.0605129122572334       0.0300433133492069       8.6968195827253219       2.0199347305188398       0.6142245669149450       0.9176257896544405       0.3232478893238914       0.4616185954034581       0.9672517615385896       0.5820692069721571       1.9001657464791599       0.9789598987090758
     79       0.0347832462162700       0.0286493635330487       9.2239114217749449       2.2506785589316198       0.6813648058389850       1.5030315759218753       0.2186074368066131       0.4505215009154850       1.6121909220800095       1.4274390164168493       3.1168418412121142       2.6161039616218189
     80       0.0759419347542951       0.0328228354103420      10.0952847503848737       2.7666387032466759       0.3047243124308074       0.7100313429042473       0.2336185566520977       0.5387206435900660       0.8093044090503834       0.4397472146785508       1.3043668996063518       0.6178028864704898
     81       0.0715825934665943       0.0318209755055410       9.2931380431728208       2.4367853277386375       0.2187578820368592       0.8243620872531690       0.1455236326560507       0.5458941724992823       0.9936386012905528       0.5304546293344075       1.5032464352638846       0.7199130533929727
     82       0.0724292524654224       0.0285931103294876      10.1694870275953519       2.5063716380692567       0.4964466766671217       0.7159049431736678       0.3656669062020306       0.5151140184112353       0.8205419189779705       0.4221961420551332       1.3576472692687027       0.5838231333633054
     83       0.0663116285031287       0.0297489219078511       7.9900514707233103       1.7812553214355022       0.4796309797669311       0.8053890457942885       0.2541244767097682       0.4150949351284061       0.5395460802479625       0.3928981665731843       1.8873860006594745       0.8759759204274198
     84       0.0868895498484285       0.0397664101218084       7.5761877551935619       2.0060182634983095       0.7013658297552784       0.7836438265345047       0.4617031947090802       0.4862227581902279       0.9578850024519797       0.5126072936605977       1.5190837702503008       0.7288549293212094
     85       0.0763332673902728       0.0334249938432129       8.7190674253831322       2.2853827596020699       0.5382167455885823       0.7431496964542539       0.3582127950741225       0.4783808746187313       0.8407995298777351       0.4480075780197618       1.5025056418691378       0.7005129392518362
     86       0.0619644336236782       0.0317377327514826       9.0022836427704842       2.3181798935626237       0.3443502534486925       0.8265325512493925       0.1920859429635693       0.4531458356721575       0.6946497600748075       0.5049926216698650       1.7926884608833733       0.9622011381946551
     87       0.0747459497162340       0.0344417288402949       8.5652087522851943       2.2192895394609593       0.9103675094900964       0.8452868282470516       0.5828306280279381       0.4934987508704591       0.9499293201708389       0.5161323325150959       1.5619760968472265       0.7661092255339937
     88       0.0866077368035000       0.0339010535460292       9.8680545525707828       2.9036183793632162       1.0084472517866785       0.7872921121511790       0.8618693141052342       0.6350105026266929       0.8070915288936793       0.4133523185423196       1.1700697951331716       0.5154620572455962
     89       0.1185598125879850       0.0456434812681373       8.9237519784547903       2.9860237046146314       0.5245817158923478       0.5850621112807002       0.5550065962265034       0.6099098973862244       0.5097468969539645       0.3120136530641809       0.9451810473226540       0.4197839540144309
     90       0.1331932425572315       0.0492242534830260       7.4941755169434101       2.3754881180323446       0.0219136414999408       0.5691929450391136       0.0218736170531954       0.5681381318772654       0.5809832291700296       0.2994505969895222       1.0018298046751044       0.3939843858254691
     91       0.0935660999962609       0.0423301846905007      16.2005339865106173       8.1414744831346066       0.4870766154579916       0.6607372550366442       0.7383208566121877       1.0145042589038282       0.5501702937723941       0.3927841855411576       0.6597085956544156       0.4140747498964410
     92       0.0632916127797478       0.0420874441007069      11.7647388929665215       4.9873746789615074       0.6306380533849483       1.2079216843816343       0.4695789585184915       0.8666577232599830       1.0697509268697394       0.8307740397920980       1.3429861835687733       0.9988503373071138
     93       0.0482584229419126       0.0504347189047694       9.5988314737377411       4.1340137904811627       0.6305387864553698       1.9175045951064327       0.2920809945445975       0.8435674736200964       1.3611507788193704       1.5806889505174087       2.1587806061756396       2.3541526789483012
     94       0.1026887836327068       0.0560576772521134      12.1886794476944900       6.7448288919718138      -0.0713695354576034       0.9217370239092906      -0.0893290129331401       1.1537119393117456       0.7669926182219624       0.5388699711842642       0.7989513497817468       0.5641059827061576
     95       0.0548589851837815       0.0500740905654723      17.3198818041308478      11.8828459750117172      -1.3402019137025707       1.9745118318349235      -1.2733943751665993       1.7122961289398457       0.7532916700528517       0.9071998109919034       1.0524641382425071       1.1616851511253843
     96       0.0623944305070943       0.0546188167573700      10.9619596296687494       5.9565918736707006      -0.4484264817982910       1.5515757926559735      -0.3067081210146020       1.0401381606907825       0.0633052409551180       0.6537909939924297       1.4620626291696461       1.4226922556428376
     97       0.0746865339400915       0.0617446457646640      11.6065550604347987       7.0876361119838247      -0.4126474945789964       1.3865050103679954      -0.3577048706577217       1.1852503996608539       0.4501103867390006       0.6834296390172713       1.1535976399210059       1.1017017848214459
     99       0.0581117648619842       0.0671132730347480      20.3930281806492317      21.7380926886705907      -0.2061193552727238       1.9409246029754315      -0.2442668657752168       2.2975775372867657       0.9117416491522662       1.3115015350984196       0.8438285504608810       1.2750385419275743
    100       0.0135948379340661       0.0588295374337018      15.8818988486202315      13.2123251024815165      -3.8924311991956659      18.3504417374723978      -0.8404219859203595       1.7206399866049815       2.9671567568418391      13.2650333535570315       4.6315199559338067      20.3408349043543417
