                                                                                                                                                 
                  
  1      714.0000      117.1910      1.000000      600.0000      4138.115      5.944271      1.671475   0.003837489  1.432198E20  1.577671E19    0.09077924      0.000000      0.000000      0.000000      0.000000      0.000000      0.000000  6.307412E20
  2      714.0000      118.1910      1.000000      601.0000      4139.607      11.05636      1.672439   0.007137742  1.393604E20  1.730053E19    0.08055270      0.000000      0.000000      0.000000      0.000000      0.000000      0.000000  5.448654E20
  3      714.0000      119.1910      1.000000      600.0000      4137.722      4.104351      1.671221   0.002649678   5.717094E20  1.664547E19      0.3434624      0.000000      0.000000      0.000000      0.000000      0.000000      0.000000  6.885314E20
  4      714.0000      120.1910      1.000000      602.0000      4142.494      11.75465      1.674302   0.007588541   6.020223E20  1.670357E19      0.3604154      0.000000      0.000000      0.000000      0.000000      0.000000      0.000000  6.632033E20
  5      714.0000      121.1910      1.000000      598.0000      4135.126      13.23555      1.669545   0.008544580   5.462054E20  1.650716E19      0.3308901      0.000000      0.000000      0.000000      0.000000      0.000000      0.000000  6.370909E20
  6      714.0000      122.1910      1.000000      598.0000      4135.054      14.26361      1.669499   0.009208271  1.505344E20  1.694737E19    0.08882466      0.000000      0.000000      0.000000      0.000000      0.000000      0.000000  6.040271E20
  7      714.0000      123.1910      1.000000      599.0000      4135.902      10.22669      1.670047   0.006602126  8.922052E20  1.586368E19     0.5624200      0.000000      0.000000      0.000000      0.000000      0.000000      0.000000  6.662033E20
  8      714.0000      124.1910      1.000000      604.0000      4146.220     0.4527768      1.676707  0.0002923027  9.348930E20  1.627819E19     0.5743224      0.000000      0.000000      0.000000      0.000000      0.000000      0.000000  7.161863E20
  9      714.0000      125.1910      1.000000      599.0000      4135.549      7.250998      1.669819   0.004681083  8.275386E20  1.599480E19     0.5173799      0.000000      0.000000      0.000000      0.000000      0.000000      0.000000  6.319355E20
 10      714.0000      126.1910      1.000000      600.0000      4138.327      6.335135      1.671612   0.004089823  1.439104E19  1.608023E19     0.8949524      0.000000      0.000000      0.000000      0.000000      0.000000      0.000000  7.239389E20
 11      714.0000      127.1910      1.000000      600.0000      4139.281      7.924960      1.672228   0.005116178  8.660909E20  1.663512E19     0.5206400      0.000000      0.000000      0.000000      0.000000      0.000000      0.000000  5.703985E20
 12      714.0000      128.1910      1.000000      598.0000      4135.208      12.85611      1.669599   0.008299617  1.025682E19  1.761498E19     0.5822783      0.000000      0.000000      0.000000      0.000000      0.000000      0.000000  6.033593E20
 13      714.0000      129.1910      1.000000      600.0000      4137.960      6.211761      1.671375   0.004010175  1.568172E19  1.525227E19      1.028157      0.000000      0.000000      0.000000      0.000000      0.000000      0.000000  6.260442E20
 14      714.0000      130.1910      1.000000      602.0000      4142.878      7.798235      1.674550   0.005034367  1.284496E19  1.657777E19     0.7748304      0.000000      0.000000      0.000000      0.000000      0.000000      0.000000  6.442111E20
 15      714.0000      131.1910      1.000000      601.0000      4140.907      7.196276      1.673277   0.004645756  1.321528E19  1.652142E19     0.7998878      0.000000      0.000000      0.000000      0.000000      0.000000      0.000000  6.751557E20
 16      714.0000      132.1910      1.000000      599.0000      4136.014      6.549405      1.670119   0.004228150  1.083288E19  1.746449E19     0.6202803      0.000000      0.000000      0.000000      0.000000      0.000000      0.000000  6.488187E20
 17      714.0000      133.1910      1.000000      601.0000      4141.334      7.709050      1.673553   0.004976791  1.265587E19  1.531251E19     0.8265051      0.000000      0.000000      0.000000      0.000000      0.000000      0.000000  6.173466E20
 18      714.0000      134.1910      1.000000      599.0000      4136.870      9.892365      1.670671   0.006386291  6.973255E20  1.684363E19     0.4139996      0.000000      0.000000      0.000000      0.000000      0.000000      0.000000  6.561018E20
 19      714.0000      135.1910      1.000000      599.0000      4135.365      9.090839      1.669700   0.005868844  2.288754E20  1.645438E19     0.1390970      0.000000      0.000000      0.000000      0.000000      0.000000      0.000000  6.419169E20
 20      714.0000      136.1910      1.000000      600.0000      4137.440      9.259011      1.671039   0.005977412   2.584027E20  1.470873E19      0.1756799      0.000000      0.000000      0.000000      0.000000      0.000000      0.000000  5.306307E20
 21      714.0000      137.1910      1.000000      599.0000      4137.256      10.42326      1.670921   0.006729025  1.976608E20  1.734220E19     0.1139768      0.000000      0.000000      0.000000      0.000000      0.000000      0.000000  6.308182E20
 22      714.0000      138.1910      1.000000      600.0000      4138.631      7.924509      1.671808   0.005115887  1.388640E20  1.689177E19    0.08220812      0.000000      0.000000      0.000000      0.000000      0.000000      0.000000  7.101653E20
 23      714.0000      139.1910      1.000000      601.0000      4140.609      12.32076      1.673085   0.007954012  2.806815E20  1.756833E19     0.1597656      0.000000      0.000000      0.000000      0.000000      0.000000      0.000000  6.648865E20
 24      714.0000      140.1910      1.000000      601.0000      4141.084      5.980373      1.673392   0.003860796  6.067170E20  1.819116E19     0.3335230      0.000000      0.000000      0.000000      0.000000      0.000000      0.000000  6.636553E20
 25      714.0000      141.1910      1.000000      599.0000      4135.439      2.294569      1.669748   0.001481323  1.449988E19  1.492354E19     0.9716115      0.000000      0.000000      0.000000      0.000000      0.000000      0.000000  5.886336E20
 26      714.0000      142.1910      1.000000      598.0000      4133.553      10.16213      1.668530   0.006560447  1.841852E20  1.718643E19     0.1071690      0.000000      0.000000      0.000000      0.000000      0.000000      0.000000  7.043947E20
 27      714.0000      143.1910      1.000000      600.0000      4139.560      5.380472      1.672408   0.003473513  1.640660E19  1.588472E19      1.032854      0.000000      0.000000      0.000000      0.000000      0.000000      0.000000  6.767528E20
 28      714.0000      144.1910      1.000000      599.0000      4136.888      5.006055      1.670683   0.003231798  9.455494E20  1.528839E19     0.6184753      0.000000      0.000000      0.000000      0.000000      0.000000      0.000000  8.180047E20
 29      714.0000      145.1910      1.000000      599.0000      4136.024      10.30759      1.670125   0.006654350  1.001674E19  1.619892E19     0.6183583      0.000000      0.000000      0.000000      0.000000      0.000000      0.000000  5.223552E20
 30      714.0000      146.1910      1.000000      598.0000      4134.500     0.9439743      1.669141  0.0006094088  8.198507E20  1.607337E19     0.5100676      0.000000      0.000000      0.000000      0.000000      0.000000      0.000000  7.397841E20
 31      714.0000      147.1910      1.000000      599.0000      4136.364      6.703331      1.670345   0.004327521  1.281227E19  1.646365E19     0.7782158      0.000000      0.000000      0.000000      0.000000      0.000000      0.000000  6.269179E20
 32      714.0000      148.1910      1.000000      599.0000      4136.128      7.371516      1.670193   0.004758887  2.697132E20  1.693932E19     0.1592232      0.000000      0.000000      0.000000      0.000000      0.000000      0.000000  5.830608E20
 33      714.0000      149.1910      1.000000      599.0000      4135.373      8.479160      1.669705   0.005473957   1.322447E20  1.650748E19     0.08011198      0.000000      0.000000      0.000000      0.000000      0.000000      0.000000  5.876210E20
 34      714.0000      150.1910      1.000000      598.0000      4134.172      13.94680      1.668930   0.009003747   6.428561E20  1.778022E19      0.3615568      0.000000      0.000000      0.000000      0.000000      0.000000      0.000000  5.642925E20
 35      714.0000      151.1910      1.000000      602.0000      4142.434     0.9554621      1.674263  0.0006168251  5.342642E20  1.743304E19     0.3064664      0.000000      0.000000      0.000000      0.000000      0.000000      0.000000  6.340303E20
 36      714.0000      152.1910      1.000000      599.0000      4136.257      8.143034      1.670275   0.005256962  4.130008E20  1.708940E19     0.2416708      0.000000      0.000000      0.000000      0.000000      0.000000      0.000000  5.202758E20
 37      714.0000      153.1910      1.000000      599.0000      4136.813      7.192849      1.670635   0.004643543   6.223114E20  1.483194E19      0.4195751      0.000000      0.000000      0.000000      0.000000      0.000000      0.000000  4.817602E20
 38      714.0000      154.1910      1.000000      597.0000      4131.676      1.022434      1.667318  0.0006600604  2.267479E19  1.657907E19      1.367676      0.000000      0.000000      0.000000      0.000000      0.000000      0.000000  6.692624E20
 39      714.0000      155.1910      1.000000      600.0000      4137.657      7.382840      1.671180   0.004766197  3.813509E20  1.594914E19     0.2391044      0.000000      0.000000      0.000000      0.000000      0.000000      0.000000  6.867449E20
 40      714.0000      156.1910      1.000000      600.0000      4138.257      9.677025      1.671567   0.006247272   1.366990E19  1.739861E19      0.7856892      0.000000      0.000000      0.000000      0.000000      0.000000      0.000000  6.374361E20
 41      714.0000      157.1910      1.000000      600.0000      4137.662      9.176420      1.671182   0.005924093   1.032509E19  1.835599E19      0.5624917      0.000000      0.000000      0.000000      0.000000      0.000000      0.000000  6.184113E20
 42      714.0000      158.1910      1.000000      600.0000      4138.959      7.740282      1.672020   0.004996954   1.222442E20  1.735330E19     0.07044436      0.000000      0.000000      0.000000      0.000000      0.000000      0.000000  7.185804E20
 43      714.0000      159.1910      1.000000      598.0000      4134.946      9.508727      1.669430   0.006138623   2.609919E20  1.702300E19      0.1533172      0.000000      0.000000      0.000000      0.000000      0.000000      0.000000  6.311881E20
 44      714.0000      160.1910      1.000000      600.0000      4138.223      11.23430      1.671545   0.007252614  1.616661E20  1.637100E19    0.09875150      0.000000      0.000000      0.000000      0.000000      0.000000      0.000000  7.236700E20
 45      714.0000      161.1910      1.000000      600.0000      4139.081      11.85139      1.672098   0.007650991  1.189187E20  1.677641E19    0.07088447      0.000000      0.000000      0.000000      0.000000      0.000000      0.000000  6.089115E20
 46      714.0000      162.1910      1.000000      599.0000      4137.220      7.514521      1.670897   0.004851208  4.960672E20  1.772571E19     0.2798574      0.000000      0.000000      0.000000      0.000000      0.000000      0.000000  7.503910E20
 47      714.0000      163.1910      1.000000      599.0000      4136.467      4.747466      1.670411   0.003064859  5.323981E20  1.658907E19     0.3209330      0.000000      0.000000      0.000000      0.000000      0.000000      0.000000  6.648292E20
 48      714.0000      164.1910      1.000000      599.0000      4136.003      12.57004      1.670112   0.008114940   7.479450E20  1.694857E19      0.4413028      0.000000      0.000000      0.000000      0.000000      0.000000      0.000000  6.582383E20
 49      714.0000      165.1910      1.000000      600.0000      4137.914      10.98629      1.671345   0.007092508   1.191841E20  1.608967E19     0.07407493      0.000000      0.000000      0.000000      0.000000      0.000000      0.000000  6.080511E20
 50      714.0000      166.1910      1.000000      600.0000      4137.492      7.852592      1.671073   0.005069459   5.053423E20  1.607561E19      0.3143534      0.000000      0.000000      0.000000      0.000000      0.000000      0.000000  6.101383E20
 51      714.0000      167.1910      1.000000      600.0000      4137.877      7.890007      1.671322   0.005093614  9.187955E20  1.614835E19     0.5689717      0.000000      0.000000      0.000000      0.000000      0.000000      0.000000  5.181386E20
 52      714.0000      168.1910      1.000000      601.0000      4140.032      1.158967      1.672713  0.0007482032  1.616905E20  1.791819E19    0.09023818      0.000000      0.000000      0.000000      0.000000      0.000000      0.000000  6.756267E20
 53      714.0000      169.1910      1.000000      599.0000      4136.013      10.01514      1.670118   0.006465552   5.190750E20  1.758501E19      0.2951803      0.000000      0.000000      0.000000      0.000000      0.000000      0.000000  6.276513E20
 54      714.0000      170.1910      1.000000      601.0000      4141.665      4.994441      1.673767   0.003224300   2.828372E20  1.573703E19      0.1797272      0.000000      0.000000      0.000000      0.000000      0.000000      0.000000  5.550779E20
 55      714.0000      171.1910      1.000000      599.0000      4137.276      9.443429      1.670933   0.006096468  5.577785E20  1.641484E19     0.3398014      0.000000      0.000000      0.000000      0.000000      0.000000      0.000000  6.257265E20
 56      714.0000      172.1910      1.000000      598.0000      4133.693      10.28870      1.668621   0.006642158   6.242060E21  1.621739E19     0.03848992      0.000000      0.000000      0.000000      0.000000      0.000000      0.000000  6.266058E20
 57      714.0000      173.1910      1.000000      597.0000      4131.968      8.104724      1.667507   0.005232230   3.949652E20  1.594972E19      0.2476314      0.000000      0.000000      0.000000      0.000000      0.000000      0.000000  5.386925E20
 58      714.0000      174.1910      1.000000      599.0000      4136.852      6.863968      1.670660   0.004431225  1.136494E20  1.488959E19    0.07632812      0.000000      0.000000      0.000000      0.000000      0.000000      0.000000  6.049801E20
 59      714.0000      175.1910      1.000000      598.0000      4135.208      7.200468      1.669598   0.004648462   1.353791E19  1.635919E19      0.8275415      0.000000      0.000000      0.000000      0.000000      0.000000      0.000000  5.265158E20
 60      714.0000      176.1910      1.000000      600.0000      4138.034      5.928166      1.671423   0.003827092   1.523581E19  1.637597E19      0.9303759      0.000000      0.000000      0.000000      0.000000      0.000000      0.000000  6.430686E20
 61      714.0000      177.1910      1.000000      600.0000      4138.745      8.475567      1.671882   0.005471638   7.780549E20  1.686096E19      0.4614536      0.000000      0.000000      0.000000      0.000000      0.000000      0.000000  7.516475E20
 62      714.0000      178.1910      1.000000      599.0000      4135.568      5.305819      1.669831   0.003425319  7.832190E21  1.529680E19    0.05120150      0.000000      0.000000      0.000000      0.000000      0.000000      0.000000  5.516811E20
 63      714.0000      179.1910      1.000000      598.0000      4134.860      5.056375      1.669374   0.003264283   1.693734E19  1.667369E19       1.015812      0.000000      0.000000      0.000000      0.000000      0.000000      0.000000  5.894978E20
 64      714.0000      180.1910      1.000000      599.0000      4137.384      3.921848      1.671003   0.002531858   2.814244E19  1.690090E19       1.665145      0.000000      0.000000      0.000000      0.000000      0.000000      0.000000  6.575953E20
 65      714.0000      181.1910      1.000000      600.0000      4138.383      2.863856      1.671648   0.001848842   3.362435E19  1.692950E19       1.986140      0.000000      0.000000      0.000000      0.000000      0.000000      0.000000  5.897621E20
 66      714.0000      182.1910      1.000000      599.0000      4135.647      2.026589      1.669882   0.001308321   3.297134E19  1.584886E19       2.080360     0.1946166    0.09451187      4134.746      2.653817      10.59165      9.938370  5.907826E20
 67      714.0000      183.1910      1.000000      599.0000      4136.966      3.189257      1.670733   0.002058913   3.448005E19  1.690956E19       2.039086     0.2034571     0.1007649      4136.044      5.010605      14.41299      11.60243  6.794306E20
 68      714.0000      184.1910      1.000000      600.0000      4138.078      3.533601      1.671451   0.002281214   3.278794E19  1.648900E19       1.988473      0.000000      0.000000      0.000000      0.000000      0.000000      0.000000  5.959548E20
 69      714.0000      185.1910      1.000000      600.0000      4138.870      3.175105      1.671962   0.002049777   4.430776E19  1.673436E19       2.647712     0.2613274     0.1003389      4137.637      4.341688      16.02877      9.352989  5.848603E20
 70      714.0000      186.1910      1.000000      600.0000      4138.473      3.462389      1.671706   0.002235242   3.224303E19  1.727818E19       1.866113      0.000000      0.000000      0.000000      0.000000      0.000000      0.000000  6.637491E20
 71      714.0000      187.1910      1.000000      600.0000      4137.521      3.178393      1.671092   0.002051900   3.541718E19  1.689406E19       2.096428     0.2089588     0.1007149      4137.282      5.206717      14.34473      11.24506  6.598403E20
 72      714.0000      188.1910      1.000000      599.0000      4136.853      3.543486      1.670660   0.002287596   3.194784E19  1.638528E19       1.949790      0.000000      0.000000      0.000000      0.000000      0.000000      0.000000  5.208794E20
 73      714.0000      189.1910      1.000000      599.0000      4137.254      2.959323      1.670919   0.001910473   4.313809E19  1.646714E19       2.619647     0.2545280    0.09874142      4137.624      3.381172      12.29271      9.353216  6.503749E20
 74      714.0000      190.1910      1.000000      600.0000      4138.254      2.710867      1.671565   0.001750075   4.404168E19  1.731273E19       2.543890     0.2597967     0.1036928      4137.326      5.447227      18.14334      15.86539  5.601889E20
 75      714.0000      191.1910      1.000000      600.0000      4138.792      2.609795      1.671912   0.001684826   3.699850E19  1.669554E19       2.216071     0.2182214    0.09962092      4139.341      4.497098      13.82090      8.922233  7.208464E20
 76      714.0000      192.1910      1.000000      600.0000      4138.960      3.112660      1.672021   0.002009464   3.736603E19  1.755391E19       2.128645     0.2203802     0.1046456      4140.012      5.311230      14.79202      10.58253  7.007651E20
 77      714.0000      193.1910      1.000000      600.0000      4137.462      3.907109      1.671054   0.002522343   3.208924E19  1.710758E19       1.875733      0.000000      0.000000      0.000000      0.000000      0.000000      0.000000  6.207687E20
 78      714.0000      194.1910      1.000000      600.0000      4139.011      3.499550      1.672053   0.002259232   3.391214E19  1.622782E19       2.089754     0.2000072    0.09670194      4137.805      3.358505      11.97156      6.372104  6.493752E20
 79      714.0000      195.1910      1.000000      600.0000      4138.617     0.9866562      1.671799  0.0006369633   2.075962E19  1.688669E19       1.229348      0.000000      0.000000      0.000000      0.000000      0.000000      0.000000  6.416130E20
 80      714.0000      196.1910      1.000000      601.0000      4139.862      2.642250      1.672603   0.001705778   4.250404E19  1.742243E19       2.439616     0.2506290     0.1041836      4139.776      4.065959      17.70267      12.57312  7.515384E20
 81      714.0000      197.1910      1.000000      601.0000      4139.684      2.876217      1.672488   0.001856822   3.884827E19  1.644081E19       2.362917     0.2290822    0.09823365      4140.730      3.679089      12.22668      6.959955  6.521344E20
 82      714.0000      198.1910      1.000000      601.0000      4140.493      2.249788      1.673010   0.001452413   4.376913E19  1.637765E19       2.672492     0.2580493    0.09819144      4142.735      2.655619      14.08021      7.649600  6.734181E20
 83      714.0000      199.1910      1.000000      600.0000      4137.698      3.194744      1.671206   0.002062456   3.902320E19  1.671568E19       2.334527     0.2302242    0.09989294      4139.183      3.921372      14.00964      15.16114  5.866670E20
 84      714.0000      200.1910      1.000000      600.0000      4138.259      1.913016      1.671568   0.001235001   4.094828E19  1.760198E19       2.326345     0.2415488     0.1051659      4139.076      6.072309      17.52461      14.48268  5.792733E20
 85      714.0000      201.1910      1.000000      600.0000      4139.292      2.504141      1.672235   0.001616618   3.987298E19  1.644991E19       2.423903     0.2351470    0.09836410      4138.401      3.786347      15.63647      12.12696  6.175872E20
 86      714.0000      202.1910      1.000000      600.0000      4139.200      3.000253      1.672175   0.001936897   3.353033E19  1.649671E19       2.032546     0.1977463    0.09824554      4140.236      2.648083      11.83054      9.021870  4.938690E20
 87      714.0000      203.1910      1.000000      602.0000      4142.346      2.695972      1.674206   0.001740460   3.806211E19  1.671597E19       2.276991     0.2243021    0.09972093      4142.452      4.097467      13.31688      9.600275  6.745846E20
 88      714.0000      204.1910      1.000000      601.0000      4141.145      2.221136      1.673431   0.001433916   4.144651E19  1.496427E19       2.769698     0.2443174    0.08981306      4141.114      2.378610      11.94926      5.805463  6.329407E20
 89      714.0000      205.1910      1.000000      601.0000      4140.875      2.575998      1.673257   0.001663007   5.082576E19  1.736637E19       2.926677     0.2996254     0.1044514      4140.638      3.187113      13.90832      9.726453  6.187247E20
 90      714.0000      206.1910      1.000000      601.0000      4140.250      2.206232      1.672853   0.001424294   5.098466E19  1.574610E19       3.237922     0.3006075    0.09513675      4140.335      2.883601      13.69200      6.572871  6.964443E20
 91      714.0000      207.1910      1.000000      600.0000      4139.573      2.261302      1.672416   0.001459847   4.035872E19  1.678858E19       2.403939     0.2379955     0.1003599      4139.857      5.419850      17.59368      13.25655  6.748025E20
 92      714.0000      208.1910      1.000000      601.0000      4140.156      3.615662      1.672793   0.002334191   2.578177E19  1.646454E19       1.565897      0.000000      0.000000      0.000000      0.000000      0.000000      0.000000  8.066219E20
 93      714.0000      209.1910      1.000000      601.0000      4140.101      2.912105      1.672757   0.001879990   1.669933E19  1.709515E19      0.9768459      0.000000      0.000000      0.000000      0.000000      0.000000      0.000000  6.617699E20
 94      714.0000      210.1910      1.000000      600.0000      4139.180      2.586935      1.672163   0.001670068   3.185380E19  1.577176E19       2.019673     0.1878598    0.09391709      4140.991      4.401502      11.81179      8.250537  5.804647E20
 95      714.0000      211.1910      1.000000      601.0000      4140.405      4.089089      1.672953   0.002639825   2.002167E19  1.780004E19       1.124811      0.000000      0.000000      0.000000      0.000000      0.000000      0.000000  6.218890E20
 96      714.0000      212.1910      1.000000      600.0000      4139.037      2.899692      1.672071   0.001871977   1.953009E19  1.644411E19       1.187665      0.000000      0.000000      0.000000      0.000000      0.000000      0.000000  7.609190E20
 97      714.0000      213.1910      1.000000      601.0000      4139.925      3.170900      1.672644   0.002047062   2.102911E19  1.644181E19       1.279002      0.000000      0.000000      0.000000      0.000000      0.000000      0.000000  6.916780E20
 98      714.0000      214.1910      1.000000      600.0000      4137.481      4.948310      1.671066   0.003194519  1.808178E21  2.643025E19   0.006841321      0.000000      0.000000      0.000000      0.000000      0.000000      0.000000  1.085327E19
 99      714.0000      215.1910      1.000000      601.0000      4139.767      3.130119      1.672541   0.002020735   1.492330E19  1.662023E19      0.8979000      0.000000      0.000000      0.000000      0.000000      0.000000      0.000000  6.748038E20
100      714.0000      216.1910      1.000000      600.0000      4139.490      6.631182      1.672363   0.004280943   3.685703E20  1.592163E19      0.2314902      0.000000      0.000000      0.000000      0.000000      0.000000      0.000000  6.822768E20
101      714.0000      217.1910      1.000000      597.0000      4131.768     0.4176488      1.667378  0.0002696248  4.562002E20  1.854692E19     0.2459709      0.000000      0.000000      0.000000      0.000000      0.000000      0.000000  7.208059E20
102      714.0000      218.1910      1.000000      599.0000      4137.300      4.874685      1.670949   0.003146988   5.654651E20  1.682528E19      0.3360807      0.000000      0.000000      0.000000      0.000000      0.000000      0.000000  6.628564E20
103      714.0000      219.1910      1.000000      600.0000      4138.190      10.43675      1.671524   0.006737736   1.116360E19  1.589725E19      0.7022347      0.000000      0.000000      0.000000      0.000000      0.000000      0.000000  6.167316E20
104      714.0000      220.1910      1.000000      600.0000      4137.548      7.411105      1.671109   0.004784445  4.429476E21  1.733581E19    0.02555102      0.000000      0.000000      0.000000      0.000000      0.000000      0.000000  4.763539E20
105      714.0000      221.1910      1.000000      600.0000      4138.328      10.16753      1.671613   0.006563934   4.376756E21  1.606105E19     0.02725075      0.000000      0.000000      0.000000      0.000000      0.000000      0.000000  5.474186E20
106      714.0000      222.1910      1.000000      598.0000      4133.458      10.48899      1.668469   0.006771456   8.451548E20  1.741194E19      0.4853882      0.000000      0.000000      0.000000      0.000000      0.000000      0.000000  6.159273E20
107      714.0000      223.1910      1.000000      601.0000      4140.014      8.774977      1.672701   0.005664930   2.616210E20  1.579734E19      0.1656108      0.000000      0.000000      0.000000      0.000000      0.000000      0.000000  6.494010E20
108      714.0000      224.1910      1.000000      599.0000      4136.392     0.9180960      1.670362  0.0005927024   5.490368E21  1.717470E19     0.03196777      0.000000      0.000000      0.000000      0.000000      0.000000      0.000000  5.829565E20
109      714.0000      225.1910      1.000000      606.0000      4150.506     0.2752055      1.679475  0.0001776666   1.521360E20  1.561504E19     0.09742918      0.000000      0.000000      0.000000      0.000000      0.000000      0.000000  6.316264E20
110      714.0000      226.1910      1.000000      598.0000      4134.776      10.94957      1.669319   0.007068798   1.466998E19  1.625458E19      0.9025134      0.000000      0.000000      0.000000      0.000000      0.000000      0.000000  6.146452E20
111      714.0000      227.1910      1.000000      600.0000      4138.692      8.602037      1.671848   0.005553284  3.619789E20  1.643633E19     0.2202309      0.000000      0.000000      0.000000      0.000000      0.000000      0.000000  6.166627E20
112      714.0000      228.1910      1.000000      601.0000      4140.839      13.64726      1.673234   0.008810371   8.484338E20  1.535024E19      0.5527169      0.000000      0.000000      0.000000      0.000000      0.000000      0.000000  6.634664E20
113      714.0000      229.1910      1.000000      598.0000      4135.176      11.29183      1.669578   0.007289754  1.586687E20  1.626045E19    0.09757950      0.000000      0.000000      0.000000      0.000000      0.000000      0.000000  6.721967E20
114      714.0000      230.1910      1.000000      600.0000      4139.228      5.994037      1.672194   0.003869617  1.099028E19  1.721448E19     0.6384320      0.000000      0.000000      0.000000      0.000000      0.000000      0.000000  5.494723E20
115      714.0000      231.1910      1.000000      599.0000      4136.617      10.33001      1.670508   0.006668827   9.822743E20  1.580908E19      0.6213354      0.000000      0.000000      0.000000      0.000000      0.000000      0.000000  5.312272E20
116      714.0000      232.1910      1.000000      599.0000      4136.534      13.29255      1.670454   0.008581376   9.381506E20  1.826571E19      0.5136131      0.000000      0.000000      0.000000      0.000000      0.000000      0.000000  6.872921E20
117      714.0000      233.1910      1.000000      599.0000      4135.391      9.408697      1.669717   0.006074046   8.486130E20  1.667222E19      0.5089982      0.000000      0.000000      0.000000      0.000000      0.000000      0.000000  7.367556E20
118      714.0000      234.1910      1.000000      599.0000      4135.522      6.848521      1.669801   0.004421253  5.463816E20  1.681899E19     0.3248599      0.000000      0.000000      0.000000      0.000000      0.000000      0.000000  7.910401E20
119      714.0000      235.1910      1.000000      600.0000      4137.450      4.881586      1.671046   0.003151444  1.447043E19  1.710698E19     0.8458787      0.000000      0.000000      0.000000      0.000000      0.000000      0.000000  5.573128E20
120      714.0000      236.1910      1.000000      601.0000      4139.755      7.668244      1.672534   0.004950448   8.787275E20  1.683412E19      0.5219919      0.000000      0.000000      0.000000      0.000000      0.000000      0.000000  6.175463E20
121      714.0000      237.1910      1.000000      599.0000      4136.536      5.777314      1.670456   0.003729706  3.869174E20  1.611341E19     0.2401213      0.000000      0.000000      0.000000      0.000000      0.000000      0.000000  6.721522E20
122      714.0000      238.1910      1.000000      601.0000      4140.532      6.793470      1.673035   0.004385713   2.752388E20  1.608312E19      0.1711351      0.000000      0.000000      0.000000      0.000000      0.000000      0.000000  7.016110E20
123      714.0000      239.1910      1.000000      600.0000      4137.485      5.999862      1.671069   0.003873378  6.380716E20  1.649684E19     0.3867842      0.000000      0.000000      0.000000      0.000000      0.000000      0.000000  4.674782E20
124      714.0000      240.1910      1.000000      599.0000      4137.042      8.991264      1.670782   0.005804561   5.529090E20  1.551470E19      0.3563776      0.000000      0.000000      0.000000      0.000000      0.000000      0.000000  6.001804E20
125      714.0000      241.1910      1.000000      600.0000      4137.940      10.32023      1.671362   0.006662508   2.977026E21  1.839824E19     0.01618104      0.000000      0.000000      0.000000      0.000000      0.000000      0.000000  5.327997E20
126      714.0000      242.1910      1.000000      601.0000      4139.889      6.135313      1.672620   0.003960821  3.594940E20  1.527298E19     0.2353790      0.000000      0.000000      0.000000      0.000000      0.000000      0.000000  5.666950E20
127      714.0000      243.1910      1.000000      600.0000      4137.510      5.546951      1.671084   0.003580989  1.517537E19  1.795538E19     0.8451716      0.000000      0.000000      0.000000      0.000000      0.000000      0.000000  6.129810E20
128      714.0000      244.1910      1.000000      600.0000      4139.463      5.642146      1.672346   0.003642444  1.281187E19  1.711110E19     0.7487461      0.000000      0.000000      0.000000      0.000000      0.000000      0.000000  5.292630E20
129      714.0000      245.1910      1.000000      601.0000      4139.846      3.286660      1.672592   0.002121795  9.906248E20  1.673522E19     0.5919401      0.000000      0.000000      0.000000      0.000000      0.000000      0.000000  6.868363E20
130      714.0000      246.1910      1.000000      600.0000      4137.876      6.111958      1.671321   0.003945744  9.617165E20  1.779287E19     0.5405065      0.000000      0.000000      0.000000      0.000000      0.000000      0.000000  7.235420E20
131      714.0000      247.1910      1.000000      598.0000      4133.580     0.7456094      1.668547  0.0004813489   1.400948E20  1.557982E19     0.08992067      0.000000      0.000000      0.000000      0.000000      0.000000      0.000000  5.557082E20
132      714.0000      248.1910      1.000000      598.0000      4134.477      6.198381      1.669126   0.004001537  1.395731E19  1.597874E19     0.8734922      0.000000      0.000000      0.000000      0.000000      0.000000      0.000000  6.809874E20
133      714.0000      249.1910      1.000000      597.0000      4131.985      6.327820      1.667518   0.004085100   2.403701E20  1.683945E19      0.1427423      0.000000      0.000000      0.000000      0.000000      0.000000      0.000000  7.494688E20
134      714.0000      250.1910      1.000000      598.0000      4134.822      8.387311      1.669349   0.005414661   4.625129E20  1.732553E19      0.2669546      0.000000      0.000000      0.000000      0.000000      0.000000      0.000000  5.764201E20
135      714.0000      251.1910      1.000000      600.0000      4139.570      8.122246      1.672414   0.005243542  2.023043E20  1.516289E19     0.1334206      0.000000      0.000000      0.000000      0.000000      0.000000      0.000000  5.817288E20
136      714.0000      252.1910      1.000000      599.0000      4137.309      11.67719      1.670954   0.007538536  2.960114E20  1.548693E19     0.1911363      0.000000      0.000000      0.000000      0.000000      0.000000      0.000000  5.733333E20
137      714.0000      253.1910      1.000000      599.0000      4135.492      5.326743      1.669782   0.003438827  1.041553E20  2.021084E19    0.05153437      0.000000      0.000000      0.000000      0.000000      0.000000      0.000000  6.308534E20
138      714.0000      254.1910      1.000000      599.0000      4136.408     0.5272822      1.670373  0.0003404017   6.654873E20  1.765717E19      0.3768935      0.000000      0.000000      0.000000      0.000000      0.000000      0.000000  6.261035E20
139      714.0000      255.1910      1.000000      600.0000      4139.163      7.191536      1.672152   0.004642696  8.248705E20  1.789209E19     0.4610252      0.000000      0.000000      0.000000      0.000000      0.000000      0.000000  6.941324E20
140      714.0000      256.1910      1.000000      601.0000      4140.234      6.481280      1.672843   0.004184171  6.876590E20  1.794020E19     0.3833061      0.000000      0.000000      0.000000      0.000000      0.000000      0.000000  6.396155E20
141      714.0000      257.1910      1.000000      600.0000      4138.229      11.37957      1.671549   0.007346398   1.630788E19  1.627801E19       1.001835      0.000000      0.000000      0.000000      0.000000      0.000000      0.000000  5.667219E20
