                                                                                                                                               
                  
  1      714.0000      117.1910      1.000000      0.000000      0.000000      0.000000      0.000000      0.000000      0.000000      0.000000      0.000000      0.000000      0.000000      0.000000      0.000000      0.000000      0.000000      0.000000
  2      714.0000      118.1910      1.000000      0.000000      0.000000      0.000000      0.000000      0.000000      0.000000      0.000000      0.000000      0.000000      0.000000      0.000000      0.000000      0.000000      0.000000      0.000000
  3      714.0000      119.1910      1.000000      0.000000      0.000000      0.000000      0.000000      0.000000      0.000000      0.000000      0.000000      0.000000      0.000000      0.000000      0.000000      0.000000      0.000000      0.000000
  4      714.0000      120.1910      1.000000      0.000000      0.000000      0.000000      0.000000      0.000000      0.000000      0.000000      0.000000      0.000000      0.000000      0.000000      0.000000      0.000000      0.000000      0.000000
  5      714.0000      121.1910      1.000000      0.000000      0.000000      0.000000      0.000000      0.000000      0.000000      0.000000      0.000000      0.000000      0.000000      0.000000      0.000000      0.000000      0.000000      0.000000
  6      714.0000      122.1910      1.000000      0.000000      0.000000      0.000000      0.000000      0.000000      0.000000      0.000000      0.000000      0.000000      0.000000      0.000000      0.000000      0.000000      0.000000      0.000000
  7      714.0000      123.1910      1.000000      0.000000      0.000000      0.000000      0.000000      0.000000      0.000000      0.000000      0.000000      0.000000      0.000000      0.000000      0.000000      0.000000      0.000000      0.000000
  8      714.0000      124.1910      1.000000      0.000000      0.000000      0.000000      0.000000      0.000000      0.000000      0.000000      0.000000      0.000000      0.000000      0.000000      0.000000      0.000000      0.000000      0.000000
  9      714.0000      125.1910      1.000000      0.000000      0.000000      0.000000      0.000000      0.000000      0.000000      0.000000      0.000000      0.000000      0.000000      0.000000      0.000000      0.000000      0.000000      0.000000
 10      714.0000      126.1910      1.000000      0.000000      0.000000      0.000000      0.000000      0.000000      0.000000      0.000000      0.000000      0.000000      0.000000      0.000000      0.000000      0.000000      0.000000      0.000000
 11      714.0000      127.1910      1.000000      0.000000      0.000000      0.000000      0.000000      0.000000      0.000000      0.000000      0.000000      0.000000      0.000000      0.000000      0.000000      0.000000      0.000000      0.000000
 12      714.0000      128.1910      1.000000      0.000000      0.000000      0.000000      0.000000      0.000000      0.000000      0.000000      0.000000      0.000000      0.000000      0.000000      0.000000      0.000000      0.000000      0.000000
 13      714.0000      129.1910      1.000000      0.000000      0.000000      0.000000      0.000000      0.000000      0.000000      0.000000      0.000000      0.000000      0.000000      0.000000      0.000000      0.000000      0.000000      0.000000
 14      714.0000      130.1910      1.000000      0.000000      0.000000      0.000000      0.000000      0.000000      0.000000      0.000000      0.000000      0.000000      0.000000      0.000000      0.000000      0.000000      0.000000      0.000000
 15      714.0000      131.1910      1.000000      0.000000      0.000000      0.000000      0.000000      0.000000      0.000000      0.000000      0.000000      0.000000      0.000000      0.000000      0.000000      0.000000      0.000000      0.000000
 16      714.0000      132.1910      1.000000      0.000000      0.000000      0.000000      0.000000      0.000000      0.000000      0.000000      0.000000      0.000000      0.000000      0.000000      0.000000      0.000000      0.000000      0.000000
 17      714.0000      133.1910      1.000000      0.000000      0.000000      0.000000      0.000000      0.000000      0.000000      0.000000      0.000000      0.000000      0.000000      0.000000      0.000000      0.000000      0.000000      0.000000
 18      714.0000      134.1910      1.000000      0.000000      0.000000      0.000000      0.000000      0.000000      0.000000      0.000000      0.000000      0.000000      0.000000      0.000000      0.000000      0.000000      0.000000      0.000000
 19      714.0000      135.1910      1.000000      0.000000      0.000000      0.000000      0.000000      0.000000      0.000000      0.000000      0.000000      0.000000      0.000000      0.000000      0.000000      0.000000      0.000000      0.000000
 20      714.0000      136.1910      1.000000      0.000000      0.000000      0.000000      0.000000      0.000000      0.000000      0.000000      0.000000      0.000000      0.000000      0.000000      0.000000      0.000000      0.000000      0.000000
 21      714.0000      137.1910      1.000000      0.000000      0.000000      0.000000      0.000000      0.000000      0.000000      0.000000      0.000000      0.000000      0.000000      0.000000      0.000000      0.000000      0.000000      0.000000
 22      714.0000      138.1910      1.000000      0.000000      0.000000      0.000000      0.000000      0.000000      0.000000      0.000000      0.000000      0.000000      0.000000      0.000000      0.000000      0.000000      0.000000      0.000000
 23      714.0000      139.1910      1.000000      0.000000      0.000000      0.000000      0.000000      0.000000      0.000000      0.000000      0.000000      0.000000      0.000000      0.000000      0.000000      0.000000      0.000000      0.000000
 24      714.0000      140.1910      1.000000      0.000000      0.000000      0.000000      0.000000      0.000000      0.000000      0.000000      0.000000      0.000000      0.000000      0.000000      0.000000      0.000000      0.000000      0.000000
 25      714.0000      141.1910      1.000000      0.000000      0.000000      0.000000      0.000000      0.000000      0.000000      0.000000      0.000000      0.000000      0.000000      0.000000      0.000000      0.000000      0.000000      0.000000
 26      714.0000      142.1910      1.000000      0.000000      0.000000      0.000000      0.000000      0.000000      0.000000      0.000000      0.000000      0.000000      0.000000      0.000000      0.000000      0.000000      0.000000      0.000000
 27      714.0000      143.1910      1.000000      0.000000      0.000000      0.000000      0.000000      0.000000      0.000000      0.000000      0.000000      0.000000      0.000000      0.000000      0.000000      0.000000      0.000000      0.000000
 28      714.0000      144.1910      1.000000      0.000000      0.000000      0.000000      0.000000      0.000000      0.000000      0.000000      0.000000      0.000000      0.000000      0.000000      0.000000      0.000000      0.000000      0.000000
 29      714.0000      145.1910      1.000000      0.000000      0.000000      0.000000      0.000000      0.000000      0.000000      0.000000      0.000000      0.000000      0.000000      0.000000      0.000000      0.000000      0.000000      0.000000
 30      714.0000      146.1910      1.000000      0.000000      0.000000      0.000000      0.000000      0.000000      0.000000      0.000000      0.000000      0.000000      0.000000      0.000000      0.000000      0.000000      0.000000      0.000000
 31      714.0000      147.1910      1.000000      0.000000      0.000000      0.000000      0.000000      0.000000      0.000000      0.000000      0.000000      0.000000      0.000000      0.000000      0.000000      0.000000      0.000000      0.000000
 32      714.0000      148.1910      1.000000      0.000000      0.000000      0.000000      0.000000      0.000000      0.000000      0.000000      0.000000      0.000000      0.000000      0.000000      0.000000      0.000000      0.000000      0.000000
 33      714.0000      149.1910      1.000000      0.000000      0.000000      0.000000      0.000000      0.000000      0.000000      0.000000      0.000000      0.000000      0.000000      0.000000      0.000000      0.000000      0.000000      0.000000
 34      714.0000      150.1910      1.000000      0.000000      0.000000      0.000000      0.000000      0.000000      0.000000      0.000000      0.000000      0.000000      0.000000      0.000000      0.000000      0.000000      0.000000      0.000000
 35      714.0000      151.1910      1.000000      0.000000      0.000000      0.000000      0.000000      0.000000      0.000000      0.000000      0.000000      0.000000      0.000000      0.000000      0.000000      0.000000      0.000000      0.000000
 36      714.0000      152.1910      1.000000      0.000000      0.000000      0.000000      0.000000      0.000000      0.000000      0.000000      0.000000      0.000000      0.000000      0.000000      0.000000      0.000000      0.000000      0.000000
 37      714.0000      153.1910      1.000000      0.000000      0.000000      0.000000      0.000000      0.000000      0.000000      0.000000      0.000000      0.000000      0.000000      0.000000      0.000000      0.000000      0.000000      0.000000
 38      714.0000      154.1910      1.000000      0.000000      0.000000      0.000000      0.000000      0.000000      0.000000      0.000000      0.000000      0.000000      0.000000      0.000000      0.000000      0.000000      0.000000      0.000000
 39      714.0000      155.1910      1.000000      0.000000      0.000000      0.000000      0.000000      0.000000      0.000000      0.000000      0.000000      0.000000      0.000000      0.000000      0.000000      0.000000      0.000000      0.000000
 40      714.0000      156.1910      1.000000      0.000000      0.000000      0.000000      0.000000      0.000000      0.000000      0.000000      0.000000      0.000000      0.000000      0.000000      0.000000      0.000000      0.000000      0.000000
 41      714.0000      157.1910      1.000000      0.000000      0.000000      0.000000      0.000000      0.000000      0.000000      0.000000      0.000000      0.000000      0.000000      0.000000      0.000000      0.000000      0.000000      0.000000
 42      714.0000      158.1910      1.000000      0.000000      0.000000      0.000000      0.000000      0.000000      0.000000      0.000000      0.000000      0.000000      0.000000      0.000000      0.000000      0.000000      0.000000      0.000000
 43      714.0000      159.1910      1.000000      0.000000      0.000000      0.000000      0.000000      0.000000      0.000000      0.000000      0.000000      0.000000      0.000000      0.000000      0.000000      0.000000      0.000000      0.000000
 44      714.0000      160.1910      1.000000      0.000000      0.000000      0.000000      0.000000      0.000000      0.000000      0.000000      0.000000      0.000000      0.000000      0.000000      0.000000      0.000000      0.000000      0.000000
 45      714.0000      161.1910      1.000000      0.000000      0.000000      0.000000      0.000000      0.000000      0.000000      0.000000      0.000000      0.000000      0.000000      0.000000      0.000000      0.000000      0.000000      0.000000
 46      714.0000      162.1910      1.000000      0.000000      0.000000      0.000000      0.000000      0.000000      0.000000      0.000000      0.000000      0.000000      0.000000      0.000000      0.000000      0.000000      0.000000      0.000000
 47      714.0000      163.1910      1.000000      0.000000      0.000000      0.000000      0.000000      0.000000      0.000000      0.000000      0.000000      0.000000      0.000000      0.000000      0.000000      0.000000      0.000000      0.000000
 48      714.0000      164.1910      1.000000      0.000000      0.000000      0.000000      0.000000      0.000000      0.000000      0.000000      0.000000      0.000000      0.000000      0.000000      0.000000      0.000000      0.000000      0.000000
 49      714.0000      165.1910      1.000000      0.000000      0.000000      0.000000      0.000000      0.000000      0.000000      0.000000      0.000000      0.000000      0.000000      0.000000      0.000000      0.000000      0.000000      0.000000
 50      714.0000      166.1910      1.000000      0.000000      0.000000      0.000000      0.000000      0.000000      0.000000      0.000000      0.000000      0.000000      0.000000      0.000000      0.000000      0.000000      0.000000      0.000000
 51      714.0000      167.1910      1.000000      0.000000      0.000000      0.000000      0.000000      0.000000      0.000000      0.000000      0.000000      0.000000      0.000000      0.000000      0.000000      0.000000      0.000000      0.000000
 52      714.0000      168.1910      1.000000      0.000000      0.000000      0.000000      0.000000      0.000000      0.000000      0.000000      0.000000      0.000000      0.000000      0.000000      0.000000      0.000000      0.000000      0.000000
 53      714.0000      169.1910      1.000000      0.000000      0.000000      0.000000      0.000000      0.000000      0.000000      0.000000      0.000000      0.000000      0.000000      0.000000      0.000000      0.000000      0.000000      0.000000
 54      714.0000      170.1910      1.000000      0.000000      0.000000      0.000000      0.000000      0.000000      0.000000      0.000000      0.000000      0.000000      0.000000      0.000000      0.000000      0.000000      0.000000      0.000000
 55      714.0000      171.1910      1.000000      0.000000      0.000000      0.000000      0.000000      0.000000      0.000000      0.000000      0.000000      0.000000      0.000000      0.000000      0.000000      0.000000      0.000000      0.000000
 56      714.0000      172.1910      1.000000      0.000000      0.000000      0.000000      0.000000      0.000000      0.000000      0.000000      0.000000      0.000000      0.000000      0.000000      0.000000      0.000000      0.000000      0.000000
 57      714.0000      173.1910      1.000000      0.000000      0.000000      0.000000      0.000000      0.000000      0.000000      0.000000      0.000000      0.000000      0.000000      0.000000      0.000000      0.000000      0.000000      0.000000
 58      714.0000      174.1910      1.000000      0.000000      0.000000      0.000000      0.000000      0.000000      0.000000      0.000000      0.000000      0.000000      0.000000      0.000000      0.000000      0.000000      0.000000      0.000000
 59      714.0000      175.1910      1.000000      0.000000      0.000000      0.000000      0.000000      0.000000      0.000000      0.000000      0.000000      0.000000      0.000000      0.000000      0.000000      0.000000      0.000000      0.000000
 60      714.0000      176.1910      1.000000      0.000000      0.000000      0.000000      0.000000      0.000000      0.000000      0.000000      0.000000      0.000000      0.000000      0.000000      0.000000      0.000000      0.000000      0.000000
 61      714.0000      177.1910      1.000000      0.000000      0.000000      0.000000      0.000000      0.000000      0.000000      0.000000      0.000000      0.000000      0.000000      0.000000      0.000000      0.000000      0.000000      0.000000
 62      714.0000      178.1910      1.000000      0.000000      0.000000      0.000000      0.000000      0.000000      0.000000      0.000000      0.000000      0.000000      0.000000      0.000000      0.000000      0.000000      0.000000      0.000000
 63      714.0000      179.1910      1.000000      0.000000      0.000000      0.000000      0.000000      0.000000      0.000000      0.000000      0.000000      0.000000      0.000000      0.000000      0.000000      0.000000      0.000000      0.000000
 64      714.0000      180.1910      1.000000      0.000000      0.000000      0.000000      0.000000      0.000000      0.000000      0.000000      0.000000      0.000000      0.000000      0.000000      0.000000      0.000000      0.000000      0.000000
 65      714.0000      181.1910      1.000000      0.000000      0.000000      0.000000      0.000000      0.000000      0.000000      0.000000      0.000000      0.000000      0.000000      0.000000      0.000000      0.000000      0.000000      0.000000
 66      714.0000      182.1910      1.000000      0.000000      0.000000      0.000000      0.000000      0.000000      0.000000      0.000000      0.000000      0.000000      0.000000      0.000000      0.000000      0.000000      0.000000      0.000000
 67      714.0000      183.1910      1.000000      0.000000      0.000000      0.000000      0.000000      0.000000      0.000000      0.000000      0.000000      0.000000      0.000000      0.000000      0.000000      0.000000      0.000000      0.000000
 68      714.0000      184.1910      1.000000      0.000000      0.000000      0.000000      0.000000      0.000000      0.000000      0.000000      0.000000      0.000000      0.000000      0.000000      0.000000      0.000000      0.000000      0.000000
 69      714.0000      185.1910      1.000000      0.000000      0.000000      0.000000      0.000000      0.000000      0.000000      0.000000      0.000000      0.000000      0.000000      0.000000      0.000000      0.000000      0.000000      0.000000
 70      714.0000      186.1910      1.000000      0.000000      0.000000      0.000000      0.000000      0.000000      0.000000      0.000000      0.000000      0.000000      0.000000      0.000000      0.000000      0.000000      0.000000      0.000000
 71      714.0000      187.1910      1.000000      0.000000      0.000000      0.000000      0.000000      0.000000      0.000000      0.000000      0.000000      0.000000      0.000000      0.000000      0.000000      0.000000      0.000000      0.000000
 72      714.0000      188.1910      1.000000      0.000000      0.000000      0.000000      0.000000      0.000000      0.000000      0.000000      0.000000      0.000000      0.000000      0.000000      0.000000      0.000000      0.000000      0.000000
 73      714.0000      189.1910      1.000000      0.000000      0.000000      0.000000      0.000000      0.000000      0.000000      0.000000      0.000000      0.000000      0.000000      0.000000      0.000000      0.000000      0.000000      0.000000
 74      714.0000      190.1910      1.000000      0.000000      0.000000      0.000000      0.000000      0.000000      0.000000      0.000000      0.000000      0.000000      0.000000      0.000000      0.000000      0.000000      0.000000      0.000000
 75      714.0000      191.1910      1.000000      0.000000      0.000000      0.000000      0.000000      0.000000      0.000000      0.000000      0.000000      0.000000      0.000000      0.000000      0.000000      0.000000      0.000000      0.000000
 76      714.0000      192.1910      1.000000      0.000000      0.000000      0.000000      0.000000      0.000000      0.000000      0.000000      0.000000      0.000000      0.000000      0.000000      0.000000      0.000000      0.000000      0.000000
 77      714.0000      193.1910      1.000000      0.000000      0.000000      0.000000      0.000000      0.000000      0.000000      0.000000      0.000000      0.000000      0.000000      0.000000      0.000000      0.000000      0.000000      0.000000
 78      714.0000      194.1910      1.000000      0.000000      0.000000      0.000000      0.000000      0.000000      0.000000      0.000000      0.000000      0.000000      0.000000      0.000000      0.000000      0.000000      0.000000      0.000000
 79      714.0000      195.1910      1.000000      0.000000      0.000000      0.000000      0.000000      0.000000      0.000000      0.000000      0.000000      0.000000      0.000000      0.000000      0.000000      0.000000      0.000000      0.000000
 80      714.0000      196.1910      1.000000      0.000000      0.000000      0.000000      0.000000      0.000000      0.000000      0.000000      0.000000      0.000000      0.000000      0.000000      0.000000      0.000000      0.000000      0.000000
 81      714.0000      197.1910      1.000000      0.000000      0.000000      0.000000      0.000000      0.000000      0.000000      0.000000      0.000000      0.000000      0.000000      0.000000      0.000000      0.000000      0.000000      0.000000
 82      714.0000      198.1910      1.000000      0.000000      0.000000      0.000000      0.000000      0.000000      0.000000      0.000000      0.000000      0.000000      0.000000      0.000000      0.000000      0.000000      0.000000      0.000000
 83      714.0000      199.1910      1.000000      0.000000      0.000000      0.000000      0.000000      0.000000      0.000000      0.000000      0.000000      0.000000      0.000000      0.000000      0.000000      0.000000      0.000000      0.000000
 84      714.0000      200.1910      1.000000      0.000000      0.000000      0.000000      0.000000      0.000000      0.000000      0.000000      0.000000      0.000000      0.000000      0.000000      0.000000      0.000000      0.000000      0.000000
 85      714.0000      201.1910      1.000000      0.000000      0.000000      0.000000      0.000000      0.000000      0.000000      0.000000      0.000000      0.000000      0.000000      0.000000      0.000000      0.000000      0.000000      0.000000
 86      714.0000      202.1910      1.000000      0.000000      0.000000      0.000000      0.000000      0.000000      0.000000      0.000000      0.000000      0.000000      0.000000      0.000000      0.000000      0.000000      0.000000      0.000000
 87      714.0000      203.1910      1.000000      0.000000      0.000000      0.000000      0.000000      0.000000      0.000000      0.000000      0.000000      0.000000      0.000000      0.000000      0.000000      0.000000      0.000000      0.000000
 88      714.0000      204.1910      1.000000      0.000000      0.000000      0.000000      0.000000      0.000000      0.000000      0.000000      0.000000      0.000000      0.000000      0.000000      0.000000      0.000000      0.000000      0.000000
 89      714.0000      205.1910      1.000000      0.000000      0.000000      0.000000      0.000000      0.000000      0.000000      0.000000      0.000000      0.000000      0.000000      0.000000      0.000000      0.000000      0.000000      0.000000
 90      714.0000      206.1910      1.000000      0.000000      0.000000      0.000000      0.000000      0.000000      0.000000      0.000000      0.000000      0.000000      0.000000      0.000000      0.000000      0.000000      0.000000      0.000000
 91      714.0000      207.1910      1.000000      0.000000      0.000000      0.000000      0.000000      0.000000      0.000000      0.000000      0.000000      0.000000      0.000000      0.000000      0.000000      0.000000      0.000000      0.000000
 92      714.0000      208.1910      1.000000      0.000000      0.000000      0.000000      0.000000      0.000000      0.000000      0.000000      0.000000      0.000000      0.000000      0.000000      0.000000      0.000000      0.000000      0.000000
 93      714.0000      209.1910      1.000000      0.000000      0.000000      0.000000      0.000000      0.000000      0.000000      0.000000      0.000000      0.000000      0.000000      0.000000      0.000000      0.000000      0.000000      0.000000
 94      714.0000      210.1910      1.000000      0.000000      0.000000      0.000000      0.000000      0.000000      0.000000      0.000000      0.000000      0.000000      0.000000      0.000000      0.000000      0.000000      0.000000      0.000000
 95      714.0000      211.1910      1.000000      0.000000      0.000000      0.000000      0.000000      0.000000      0.000000      0.000000      0.000000      0.000000      0.000000      0.000000      0.000000      0.000000      0.000000      0.000000
 96      714.0000      212.1910      1.000000      0.000000      0.000000      0.000000      0.000000      0.000000      0.000000      0.000000      0.000000      0.000000      0.000000      0.000000      0.000000      0.000000      0.000000      0.000000
 97      714.0000      213.1910      1.000000      0.000000      0.000000      0.000000      0.000000      0.000000      0.000000      0.000000      0.000000      0.000000      0.000000      0.000000      0.000000      0.000000      0.000000      0.000000
 98      714.0000      214.1910      1.000000      0.000000      0.000000      0.000000      0.000000      0.000000      0.000000      0.000000      0.000000      0.000000      0.000000      0.000000      0.000000      0.000000      0.000000      0.000000
 99      714.0000      215.1910      1.000000      0.000000      0.000000      0.000000      0.000000      0.000000      0.000000      0.000000      0.000000      0.000000      0.000000      0.000000      0.000000      0.000000      0.000000      0.000000
100      714.0000      216.1910      1.000000      0.000000      0.000000      0.000000      0.000000      0.000000      0.000000      0.000000      0.000000      0.000000      0.000000      0.000000      0.000000      0.000000      0.000000      0.000000
101      714.0000      217.1910      1.000000      0.000000      0.000000      0.000000      0.000000      0.000000      0.000000      0.000000      0.000000      0.000000      0.000000      0.000000      0.000000      0.000000      0.000000      0.000000
102      714.0000      218.1910      1.000000      0.000000      0.000000      0.000000      0.000000      0.000000      0.000000      0.000000      0.000000      0.000000      0.000000      0.000000      0.000000      0.000000      0.000000      0.000000
103      714.0000      219.1910      1.000000      0.000000      0.000000      0.000000      0.000000      0.000000      0.000000      0.000000      0.000000      0.000000      0.000000      0.000000      0.000000      0.000000      0.000000      0.000000
104      714.0000      220.1910      1.000000      0.000000      0.000000      0.000000      0.000000      0.000000      0.000000      0.000000      0.000000      0.000000      0.000000      0.000000      0.000000      0.000000      0.000000      0.000000
105      714.0000      221.1910      1.000000      0.000000      0.000000      0.000000      0.000000      0.000000      0.000000      0.000000      0.000000      0.000000      0.000000      0.000000      0.000000      0.000000      0.000000      0.000000
106      714.0000      222.1910      1.000000      0.000000      0.000000      0.000000      0.000000      0.000000      0.000000      0.000000      0.000000      0.000000      0.000000      0.000000      0.000000      0.000000      0.000000      0.000000
107      714.0000      223.1910      1.000000      0.000000      0.000000      0.000000      0.000000      0.000000      0.000000      0.000000      0.000000      0.000000      0.000000      0.000000      0.000000      0.000000      0.000000      0.000000
108      714.0000      224.1910      1.000000      0.000000      0.000000      0.000000      0.000000      0.000000      0.000000      0.000000      0.000000      0.000000      0.000000      0.000000      0.000000      0.000000      0.000000      0.000000
109      714.0000      225.1910      1.000000      0.000000      0.000000      0.000000      0.000000      0.000000      0.000000      0.000000      0.000000      0.000000      0.000000      0.000000      0.000000      0.000000      0.000000      0.000000
110      714.0000      226.1910      1.000000      0.000000      0.000000      0.000000      0.000000      0.000000      0.000000      0.000000      0.000000      0.000000      0.000000      0.000000      0.000000      0.000000      0.000000      0.000000
111      714.0000      227.1910      1.000000      0.000000      0.000000      0.000000      0.000000      0.000000      0.000000      0.000000      0.000000      0.000000      0.000000      0.000000      0.000000      0.000000      0.000000      0.000000
112      714.0000      228.1910      1.000000      0.000000      0.000000      0.000000      0.000000      0.000000      0.000000      0.000000      0.000000      0.000000      0.000000      0.000000      0.000000      0.000000      0.000000      0.000000
113      714.0000      229.1910      1.000000      0.000000      0.000000      0.000000      0.000000      0.000000      0.000000      0.000000      0.000000      0.000000      0.000000      0.000000      0.000000      0.000000      0.000000      0.000000
114      714.0000      230.1910      1.000000      0.000000      0.000000      0.000000      0.000000      0.000000      0.000000      0.000000      0.000000      0.000000      0.000000      0.000000      0.000000      0.000000      0.000000      0.000000
115      714.0000      231.1910      1.000000      0.000000      0.000000      0.000000      0.000000      0.000000      0.000000      0.000000      0.000000      0.000000      0.000000      0.000000      0.000000      0.000000      0.000000      0.000000
116      714.0000      232.1910      1.000000      0.000000      0.000000      0.000000      0.000000      0.000000      0.000000      0.000000      0.000000      0.000000      0.000000      0.000000      0.000000      0.000000      0.000000      0.000000
117      714.0000      233.1910      1.000000      0.000000      0.000000      0.000000      0.000000      0.000000      0.000000      0.000000      0.000000      0.000000      0.000000      0.000000      0.000000      0.000000      0.000000      0.000000
118      714.0000      234.1910      1.000000      0.000000      0.000000      0.000000      0.000000      0.000000      0.000000      0.000000      0.000000      0.000000      0.000000      0.000000      0.000000      0.000000      0.000000      0.000000
119      714.0000      235.1910      1.000000      0.000000      0.000000      0.000000      0.000000      0.000000      0.000000      0.000000      0.000000      0.000000      0.000000      0.000000      0.000000      0.000000      0.000000      0.000000
120      714.0000      236.1910      1.000000      0.000000      0.000000      0.000000      0.000000      0.000000      0.000000      0.000000      0.000000      0.000000      0.000000      0.000000      0.000000      0.000000      0.000000      0.000000
121      714.0000      237.1910      1.000000      0.000000      0.000000      0.000000      0.000000      0.000000      0.000000      0.000000      0.000000      0.000000      0.000000      0.000000      0.000000      0.000000      0.000000      0.000000
122      714.0000      238.1910      1.000000      0.000000      0.000000      0.000000      0.000000      0.000000      0.000000      0.000000      0.000000      0.000000      0.000000      0.000000      0.000000      0.000000      0.000000      0.000000
123      714.0000      239.1910      1.000000      0.000000      0.000000      0.000000      0.000000      0.000000      0.000000      0.000000      0.000000      0.000000      0.000000      0.000000      0.000000      0.000000      0.000000      0.000000
124      714.0000      240.1910      1.000000      0.000000      0.000000      0.000000      0.000000      0.000000      0.000000      0.000000      0.000000      0.000000      0.000000      0.000000      0.000000      0.000000      0.000000      0.000000
125      714.0000      241.1910      1.000000      0.000000      0.000000      0.000000      0.000000      0.000000      0.000000      0.000000      0.000000      0.000000      0.000000      0.000000      0.000000      0.000000      0.000000      0.000000
126      714.0000      242.1910      1.000000      0.000000      0.000000      0.000000      0.000000      0.000000      0.000000      0.000000      0.000000      0.000000      0.000000      0.000000      0.000000      0.000000      0.000000      0.000000
127      714.0000      243.1910      1.000000      0.000000      0.000000      0.000000      0.000000      0.000000      0.000000      0.000000      0.000000      0.000000      0.000000      0.000000      0.000000      0.000000      0.000000      0.000000
128      714.0000      244.1910      1.000000      0.000000      0.000000      0.000000      0.000000      0.000000      0.000000      0.000000      0.000000      0.000000      0.000000      0.000000      0.000000      0.000000      0.000000      0.000000
129      714.0000      245.1910      1.000000      0.000000      0.000000      0.000000      0.000000      0.000000      0.000000      0.000000      0.000000      0.000000      0.000000      0.000000      0.000000      0.000000      0.000000      0.000000
130      714.0000      246.1910      1.000000      0.000000      0.000000      0.000000      0.000000      0.000000      0.000000      0.000000      0.000000      0.000000      0.000000      0.000000      0.000000      0.000000      0.000000      0.000000
131      714.0000      247.1910      1.000000      0.000000      0.000000      0.000000      0.000000      0.000000      0.000000      0.000000      0.000000      0.000000      0.000000      0.000000      0.000000      0.000000      0.000000      0.000000
132      714.0000      248.1910      1.000000      0.000000      0.000000      0.000000      0.000000      0.000000      0.000000      0.000000      0.000000      0.000000      0.000000      0.000000      0.000000      0.000000      0.000000      0.000000
133      714.0000      249.1910      1.000000      0.000000      0.000000      0.000000      0.000000      0.000000      0.000000      0.000000      0.000000      0.000000      0.000000      0.000000      0.000000      0.000000      0.000000      0.000000
134      714.0000      250.1910      1.000000      0.000000      0.000000      0.000000      0.000000      0.000000      0.000000      0.000000      0.000000      0.000000      0.000000      0.000000      0.000000      0.000000      0.000000      0.000000
135      714.0000      251.1910      1.000000      0.000000      0.000000      0.000000      0.000000      0.000000      0.000000      0.000000      0.000000      0.000000      0.000000      0.000000      0.000000      0.000000      0.000000      0.000000
136      714.0000      252.1910      1.000000      0.000000      0.000000      0.000000      0.000000      0.000000      0.000000      0.000000      0.000000      0.000000      0.000000      0.000000      0.000000      0.000000      0.000000      0.000000
137      714.0000      253.1910      1.000000      0.000000      0.000000      0.000000      0.000000      0.000000      0.000000      0.000000      0.000000      0.000000      0.000000      0.000000      0.000000      0.000000      0.000000      0.000000
138      714.0000      254.1910      1.000000      0.000000      0.000000      0.000000      0.000000      0.000000      0.000000      0.000000      0.000000      0.000000      0.000000      0.000000      0.000000      0.000000      0.000000      0.000000
139      714.0000      255.1910      1.000000      0.000000      0.000000      0.000000      0.000000      0.000000      0.000000      0.000000      0.000000      0.000000      0.000000      0.000000      0.000000      0.000000      0.000000      0.000000
140      714.0000      256.1910      1.000000      0.000000      0.000000      0.000000      0.000000      0.000000      0.000000      0.000000      0.000000      0.000000      0.000000      0.000000      0.000000      0.000000      0.000000      0.000000
141      714.0000      257.1910      1.000000      0.000000      0.000000      0.000000      0.000000      0.000000      0.000000      0.000000      0.000000      0.000000      0.000000      0.000000      0.000000      0.000000      0.000000      0.000000
