                                                                                                                                                 
                  
  1      729.0000      187.7520      1.000000      0.000000      0.000000      0.000000      0.000000      0.000000   1.962623E19  2.680021E19      0.7323165      0.000000      0.000000      0.000000      0.000000      0.000000      0.000000  1.099619E19
  2      729.0000      188.7520      1.000000      0.000000      0.000000      0.000000      0.000000      0.000000   2.283151E19  2.776407E19      0.8223403      0.000000      0.000000      0.000000      0.000000      0.000000      0.000000  9.545181E20
  3      729.0000      189.7520      1.000000      0.000000      0.000000      0.000000      0.000000      0.000000   9.727571E20  2.707881E19      0.3592319      0.000000      0.000000      0.000000      0.000000      0.000000      0.000000  1.071805E19
  4      729.0000      190.7520      1.000000      0.000000      0.000000      0.000000      0.000000      0.000000   2.021813E19  2.521828E19      0.8017252      0.000000      0.000000      0.000000      0.000000      0.000000      0.000000  8.225576E20
  5      729.0000      191.7520      1.000000      0.000000      0.000000      0.000000      0.000000      0.000000   5.785771E20  2.614285E19      0.2213137      0.000000      0.000000      0.000000      0.000000      0.000000      0.000000  1.225435E19
  6      729.0000      192.7520      1.000000      0.000000      0.000000      0.000000      0.000000      0.000000  8.610894E20  2.771212E19     0.3107267      0.000000      0.000000      0.000000      0.000000      0.000000      0.000000  1.253286E19
  7      729.0000      193.7520      1.000000      0.000000      0.000000      0.000000      0.000000      0.000000   8.233543E20  2.544191E19      0.3236213      0.000000      0.000000      0.000000      0.000000      0.000000      0.000000  9.203648E20
  8      729.0000      194.7520      1.000000      0.000000      0.000000      0.000000      0.000000      0.000000   8.782115E20  2.749072E19      0.3194574      0.000000      0.000000      0.000000      0.000000      0.000000      0.000000  1.145875E19
  9      729.0000      195.7520      1.000000      0.000000      0.000000      0.000000      0.000000      0.000000  2.606838E19  2.843988E19     0.9166137      0.000000      0.000000      0.000000      0.000000      0.000000      0.000000  1.208951E19
 10      729.0000      196.7520      1.000000      0.000000      0.000000      0.000000      0.000000      0.000000  7.433185E20  2.722600E19     0.2730179      0.000000      0.000000      0.000000      0.000000      0.000000      0.000000  1.258891E19
 11      729.0000      197.7520      1.000000      0.000000      0.000000      0.000000      0.000000      0.000000  7.252627E20  2.782178E19     0.2606817      0.000000      0.000000      0.000000      0.000000      0.000000      0.000000  1.284596E19
 12      729.0000      198.7520      1.000000      0.000000      0.000000      0.000000      0.000000      0.000000  9.550998E20  2.727751E19     0.3501419      0.000000      0.000000      0.000000      0.000000      0.000000      0.000000  1.182881E19
 13      729.0000      199.7520      1.000000      0.000000      0.000000      0.000000      0.000000      0.000000  6.286240E21  2.919382E19    0.02153278      0.000000      0.000000      0.000000      0.000000      0.000000      0.000000  1.064819E19
 14      729.0000      200.7520      1.000000      0.000000      0.000000      0.000000      0.000000      0.000000   4.912050E20  2.858396E19      0.1718464      0.000000      0.000000      0.000000      0.000000      0.000000      0.000000  1.235848E19
 15      729.0000      201.7520      1.000000      0.000000      0.000000      0.000000      0.000000      0.000000   4.029131E20  2.706183E19      0.1488862      0.000000      0.000000      0.000000      0.000000      0.000000      0.000000  1.040056E19
 16      729.0000      202.7520      1.000000      0.000000      0.000000      0.000000      0.000000      0.000000  1.303456E20  2.826349E19    0.04611800      0.000000      0.000000      0.000000      0.000000      0.000000      0.000000  1.148907E19
 17      729.0000      203.7520      1.000000      0.000000      0.000000      0.000000      0.000000      0.000000   2.603802E20  2.744898E19     0.09485967      0.000000      0.000000      0.000000      0.000000      0.000000      0.000000  8.392825E20
 18      729.0000      204.7520      1.000000      0.000000      0.000000      0.000000      0.000000      0.000000  1.001486E19  2.745865E19     0.3647251      0.000000      0.000000      0.000000      0.000000      0.000000      0.000000  1.105376E19
 19      729.0000      205.7520      1.000000      0.000000      0.000000      0.000000      0.000000      0.000000   4.581127E19  2.819699E19       1.624687      0.000000      0.000000      0.000000      0.000000      0.000000      0.000000  9.764889E20
 20      729.0000      206.7520      1.000000      0.000000      0.000000      0.000000      0.000000      0.000000  7.458316E20  2.784575E19     0.2678440      0.000000      0.000000      0.000000      0.000000      0.000000      0.000000  1.251480E19
 21      729.0000      207.7520      1.000000      0.000000      0.000000      0.000000      0.000000      0.000000  2.511839E19  2.815820E19     0.8920451      0.000000      0.000000      0.000000      0.000000      0.000000      0.000000  1.325421E19
 22      729.0000      208.7520      1.000000      0.000000      0.000000      0.000000      0.000000      0.000000  1.278676E19  2.660064E19     0.4806938      0.000000      0.000000      0.000000      0.000000      0.000000      0.000000  1.081447E19
 23      729.0000      209.7520      1.000000      0.000000      0.000000      0.000000      0.000000      0.000000  1.372874E19  2.826594E19     0.4856991      0.000000      0.000000      0.000000      0.000000      0.000000      0.000000  9.271878E20
 24      729.0000      210.7520      1.000000      0.000000      0.000000      0.000000      0.000000      0.000000   1.136679E19  2.813166E19      0.4040567      0.000000      0.000000      0.000000      0.000000      0.000000      0.000000  1.200047E19
 25      729.0000      211.7520      1.000000      0.000000      0.000000      0.000000      0.000000      0.000000   1.280389E19  2.807639E19      0.4560377      0.000000      0.000000      0.000000      0.000000      0.000000      0.000000  1.158153E19
 26      729.0000      212.7520      1.000000      0.000000      0.000000      0.000000      0.000000      0.000000  1.781506E20  2.627402E19    0.06780484      0.000000      0.000000      0.000000      0.000000      0.000000      0.000000  9.297658E20
 27      729.0000      213.7520      1.000000      0.000000      0.000000      0.000000      0.000000      0.000000  9.181150E21  2.659939E19    0.03451640      0.000000      0.000000      0.000000      0.000000      0.000000      0.000000  9.718781E20
 28      729.0000      214.7520      1.000000      0.000000      0.000000      0.000000      0.000000      0.000000   2.408294E20  2.791876E19     0.08626076      0.000000      0.000000      0.000000      0.000000      0.000000      0.000000  1.189584E19
 29      729.0000      215.7520      1.000000      0.000000      0.000000      0.000000      0.000000      0.000000   2.040705E23  2.693160E19   7.577362E05      0.000000      0.000000      0.000000      0.000000      0.000000      0.000000  9.068036E20
 30      729.0000      216.7520      1.000000      0.000000      0.000000      0.000000      0.000000      0.000000  2.846323E19  2.798605E19      1.017051      0.000000      0.000000      0.000000      0.000000      0.000000      0.000000  1.163663E19
 31      729.0000      217.7520      1.000000      0.000000      0.000000      0.000000      0.000000      0.000000  8.460943E20  2.642263E19     0.3202158      0.000000      0.000000      0.000000      0.000000      0.000000      0.000000  1.063036E19
 32      729.0000      218.7520      1.000000      0.000000      0.000000      0.000000      0.000000      0.000000  1.173926E20  2.570995E19    0.04566040      0.000000      0.000000      0.000000      0.000000      0.000000      0.000000  8.864547E20
 33      729.0000      219.7520      1.000000      0.000000      0.000000      0.000000      0.000000      0.000000   4.381582E20  2.730309E19      0.1604794      0.000000      0.000000      0.000000      0.000000      0.000000      0.000000  1.220087E19
 34      729.0000      220.7520      1.000000      0.000000      0.000000      0.000000      0.000000      0.000000   1.440689E19  2.806285E19      0.5133794      0.000000      0.000000      0.000000      0.000000      0.000000      0.000000  1.269690E19
 35      729.0000      221.7520      1.000000      0.000000      0.000000      0.000000      0.000000      0.000000   5.685266E20  2.748297E19      0.2068651      0.000000      0.000000      0.000000      0.000000      0.000000      0.000000  1.049666E19
 36      729.0000      222.7520      1.000000      0.000000      0.000000      0.000000      0.000000      0.000000  2.187033E19  2.797703E19     0.7817246      0.000000      0.000000      0.000000      0.000000      0.000000      0.000000  1.243694E19
 37      729.0000      223.7520      1.000000      0.000000      0.000000      0.000000      0.000000      0.000000   1.166148E20  2.835604E19     0.04112520      0.000000      0.000000      0.000000      0.000000      0.000000      0.000000  1.167534E19
 38      729.0000      224.7520      1.000000      0.000000      0.000000      0.000000      0.000000      0.000000   1.092992E19  2.698418E19      0.4050493      0.000000      0.000000      0.000000      0.000000      0.000000      0.000000  9.455705E20
 39      729.0000      225.7520      1.000000      0.000000      0.000000      0.000000      0.000000      0.000000  6.913776E21  2.811198E19    0.02459370      0.000000      0.000000      0.000000      0.000000      0.000000      0.000000  9.361181E20
 40      729.0000      226.7520      1.000000      0.000000      0.000000      0.000000      0.000000      0.000000  1.074216E21  2.710710E19   0.003962860      0.000000      0.000000      0.000000      0.000000      0.000000      0.000000  9.631206E20
 41      729.0000      227.7520      1.000000      0.000000      0.000000      0.000000      0.000000      0.000000  1.059963E19  2.524596E19     0.4198544      0.000000      0.000000      0.000000      0.000000      0.000000      0.000000  9.882148E20
 42      729.0000      228.7520      1.000000      0.000000      0.000000      0.000000      0.000000      0.000000   2.004332E20  2.747260E19     0.07295749      0.000000      0.000000      0.000000      0.000000      0.000000      0.000000  1.073854E19
 43      729.0000      229.7520      1.000000      0.000000      0.000000      0.000000      0.000000      0.000000   1.483276E19  2.728252E19      0.5436725      0.000000      0.000000      0.000000      0.000000      0.000000      0.000000  9.910212E20
 44      729.0000      230.7520      1.000000      0.000000      0.000000      0.000000      0.000000      0.000000   1.188026E19  2.956960E19      0.4017728      0.000000      0.000000      0.000000      0.000000      0.000000      0.000000  1.109863E19
 45      729.0000      231.7520      1.000000      0.000000      0.000000      0.000000      0.000000      0.000000   5.974657E20  2.752774E19      0.2170413      0.000000      0.000000      0.000000      0.000000      0.000000      0.000000  1.054171E19
 46      729.0000      232.7520      1.000000      0.000000      0.000000      0.000000      0.000000      0.000000   1.552208E19  2.948534E19      0.5264339      0.000000      0.000000      0.000000      0.000000      0.000000      0.000000  1.044767E19
 47      729.0000      233.7520      1.000000      0.000000      0.000000      0.000000      0.000000      0.000000   2.251451E19  2.757112E19      0.8165976      0.000000      0.000000      0.000000      0.000000      0.000000      0.000000  9.306046E20
 48      729.0000      234.7520      1.000000      0.000000      0.000000      0.000000      0.000000      0.000000   1.540890E19  2.902261E19      0.5309274      0.000000      0.000000      0.000000      0.000000      0.000000      0.000000  1.164544E19
 49      729.0000      235.7520      1.000000      0.000000      0.000000      0.000000      0.000000      0.000000  1.765144E19  2.624231E19     0.6726327      0.000000      0.000000      0.000000      0.000000      0.000000      0.000000  9.899329E20
 50      729.0000      236.7520      1.000000      0.000000      0.000000      0.000000      0.000000      0.000000  8.944495E20  2.736769E19     0.3268268      0.000000      0.000000      0.000000      0.000000      0.000000      0.000000  1.051644E19
 51      729.0000      237.7520      1.000000      0.000000      0.000000      0.000000      0.000000      0.000000   6.538786E20  2.646414E19      0.2470810      0.000000      0.000000      0.000000      0.000000      0.000000      0.000000  1.010860E19
 52      729.0000      238.7520      1.000000      0.000000      0.000000      0.000000      0.000000      0.000000   1.811013E20  2.843931E19     0.06367990      0.000000      0.000000      0.000000      0.000000      0.000000      0.000000  1.177090E19
 53      729.0000      239.7520      1.000000      0.000000      0.000000      0.000000      0.000000      0.000000   1.243732E20  2.860165E19     0.04348461      0.000000      0.000000      0.000000      0.000000      0.000000      0.000000  1.228257E19
 54      729.0000      240.7520      1.000000      0.000000      0.000000      0.000000      0.000000      0.000000  2.276608E20  2.229728E19     0.1021025      0.000000      0.000000      0.000000      0.000000      0.000000      0.000000  1.113051E19
 55      729.0000      241.7520      1.000000      0.000000      0.000000      0.000000      0.000000      0.000000   9.052358E21  2.736164E19     0.03308412      0.000000      0.000000      0.000000      0.000000      0.000000      0.000000  9.884640E20
 56      729.0000      242.7520      1.000000      0.000000      0.000000      0.000000      0.000000      0.000000   7.249235E20  2.685683E19      0.2699215      0.000000      0.000000      0.000000      0.000000      0.000000      0.000000  1.022274E19
 57      729.0000      243.7520      1.000000      0.000000      0.000000      0.000000      0.000000      0.000000  1.983009E19  2.369432E19     0.8369132      0.000000      0.000000      0.000000      0.000000      0.000000      0.000000  1.045809E19
 58      729.0000      244.7520      1.000000      0.000000      0.000000      0.000000      0.000000      0.000000  2.014105E19  2.785876E19     0.7229700      0.000000      0.000000      0.000000      0.000000      0.000000      0.000000  9.789599E20
 59      729.0000      245.7520      1.000000      0.000000      0.000000      0.000000      0.000000      0.000000   9.909031E20  2.896465E19      0.3421078      0.000000      0.000000      0.000000      0.000000      0.000000      0.000000  1.095463E19
 60      729.0000      246.7520      1.000000      0.000000      0.000000      0.000000      0.000000      0.000000  1.142800E19  2.863178E19     0.3991371      0.000000      0.000000      0.000000      0.000000      0.000000      0.000000  1.214056E19
 61      729.0000      247.7520      1.000000      0.000000      0.000000      0.000000      0.000000      0.000000  6.904274E21  3.054238E19    0.02260555      0.000000      0.000000      0.000000      0.000000      0.000000      0.000000  1.024339E19
 62      729.0000      248.7520      1.000000      0.000000      0.000000      0.000000      0.000000      0.000000   2.576397E19  2.740813E19      0.9400117      0.000000      0.000000      0.000000      0.000000      0.000000      0.000000  9.099064E20
 63      729.0000      249.7520      1.000000      0.000000      0.000000      0.000000      0.000000      0.000000   1.473939E19  2.983643E19      0.4940064      0.000000      0.000000      0.000000      0.000000      0.000000      0.000000  8.456092E20
 64      729.0000      250.7520      1.000000      0.000000      0.000000      0.000000      0.000000      0.000000  1.665958E19  2.771454E19     0.6011133      0.000000      0.000000      0.000000      0.000000      0.000000      0.000000  1.023300E19
 65      729.0000      251.7520      1.000000      0.000000      0.000000      0.000000      0.000000      0.000000  1.948913E20  2.879172E19    0.06769005      0.000000      0.000000      0.000000      0.000000      0.000000      0.000000  1.013513E19
 66      729.0000      252.7520      1.000000      0.000000      0.000000      0.000000      0.000000      0.000000   4.275655E20  2.965333E19      0.1441880      0.000000      0.000000      0.000000      0.000000      0.000000      0.000000  1.034194E19
 67      729.0000      253.7520      1.000000      0.000000      0.000000      0.000000      0.000000      0.000000   3.040023E19  2.987038E19       1.017738      0.000000      0.000000      0.000000      0.000000      0.000000      0.000000  1.129754E19
 68      729.0000      254.7520      1.000000      0.000000      0.000000      0.000000      0.000000      0.000000   4.439731E20  2.985325E19      0.1487185      0.000000      0.000000      0.000000      0.000000      0.000000      0.000000  8.258128E20
 69      729.0000      255.7520      1.000000      0.000000      0.000000      0.000000      0.000000      0.000000   1.330402E19  2.915330E19      0.4563470      0.000000      0.000000      0.000000      0.000000      0.000000      0.000000  8.380764E20
 70      729.0000      256.7520      1.000000      0.000000      0.000000      0.000000      0.000000      0.000000   3.039079E19  2.870359E19       1.058780      0.000000      0.000000      0.000000      0.000000      0.000000      0.000000  9.338572E20
 71      729.0000      257.7520      1.000000      0.000000      0.000000      0.000000      0.000000      0.000000   1.053169E19  3.036818E19      0.3468002      0.000000      0.000000      0.000000      0.000000      0.000000      0.000000  1.093709E19
 72      729.0000      258.7520      1.000000      0.000000      0.000000      0.000000      0.000000      0.000000  1.424591E19  3.195761E19     0.4457750      0.000000      0.000000      0.000000      0.000000      0.000000      0.000000  9.829441E20
 73      729.0000      259.7520      1.000000      0.000000      0.000000      0.000000      0.000000      0.000000   4.173247E20  3.164946E19      0.1318584      0.000000      0.000000      0.000000      0.000000      0.000000      0.000000  1.070280E19
 74      729.0000      260.7520      1.000000      0.000000      0.000000      0.000000      0.000000      0.000000  1.830310E19  3.160238E19     0.5791683      0.000000      0.000000      0.000000      0.000000      0.000000      0.000000  1.131970E19
 75      729.0000      261.7520      1.000000      0.000000      0.000000      0.000000      0.000000      0.000000  2.170811E19  2.986078E19     0.7269772      0.000000      0.000000      0.000000      0.000000      0.000000      0.000000  1.029026E19
 76      729.0000      262.7520      1.000000      0.000000      0.000000      0.000000      0.000000      0.000000  4.610963E20  2.900885E19     0.1589502      0.000000      0.000000      0.000000      0.000000      0.000000      0.000000  1.105231E19
 77      729.0000      263.7520      1.000000      0.000000      0.000000      0.000000      0.000000      0.000000   3.451508E19  2.897308E19       1.191281      0.000000      0.000000      0.000000      0.000000      0.000000      0.000000  9.893962E20
 78      729.0000      264.7520      1.000000      0.000000      0.000000      0.000000      0.000000      0.000000   1.566729E19  2.876860E19      0.5445968      0.000000      0.000000      0.000000      0.000000      0.000000      0.000000  1.057963E19
 79      729.0000      265.7520      1.000000      0.000000      0.000000      0.000000      0.000000      0.000000   5.121516E20  2.810265E19      0.1822432      0.000000      0.000000      0.000000      0.000000      0.000000      0.000000  1.071741E19
 80      729.0000      266.7520      1.000000      0.000000      0.000000      0.000000      0.000000      0.000000  3.036860E20  3.051133E19    0.09953221      0.000000      0.000000      0.000000      0.000000      0.000000      0.000000  9.880908E20
 81      729.0000      267.7520      1.000000      0.000000      0.000000      0.000000      0.000000      0.000000  8.992322E20  2.927507E19     0.3071665      0.000000      0.000000      0.000000      0.000000      0.000000      0.000000  1.068146E19
 82      729.0000      268.7520      1.000000      0.000000      0.000000      0.000000      0.000000      0.000000   7.968799E21  3.004678E19     0.02652131      0.000000      0.000000      0.000000      0.000000      0.000000      0.000000  1.298623E19
 83      729.0000      269.7520      1.000000      0.000000      0.000000      0.000000      0.000000      0.000000   8.163304E20  2.927389E19      0.2788595      0.000000      0.000000      0.000000      0.000000      0.000000      0.000000  1.112713E19
 84      729.0000      270.7520      1.000000      0.000000      0.000000      0.000000      0.000000      0.000000  2.018648E19  2.807388E19     0.7190482      0.000000      0.000000      0.000000      0.000000      0.000000      0.000000  9.908028E20
 85      729.0000      271.7520      1.000000      0.000000      0.000000      0.000000      0.000000      0.000000  2.690139E19  2.866821E19     0.9383702      0.000000      0.000000      0.000000      0.000000      0.000000      0.000000  1.064944E19
 86      729.0000      272.7520      1.000000      0.000000      0.000000      0.000000      0.000000      0.000000   2.803509E20  2.958218E19     0.09477019      0.000000      0.000000      0.000000      0.000000      0.000000      0.000000  1.236136E19
 87      729.0000      273.7520      1.000000      0.000000      0.000000      0.000000      0.000000      0.000000   3.980132E20  2.956796E19      0.1346096      0.000000      0.000000      0.000000      0.000000      0.000000      0.000000  9.061060E20
 88      729.0000      274.7520      1.000000      0.000000      0.000000      0.000000      0.000000      0.000000   1.951920E20  2.853134E19     0.06841320      0.000000      0.000000      0.000000      0.000000      0.000000      0.000000  1.042251E19
 89      729.0000      275.7520      1.000000      0.000000      0.000000      0.000000      0.000000      0.000000  6.191908E20  2.694318E19     0.2298136      0.000000      0.000000      0.000000      0.000000      0.000000      0.000000  1.003662E19
 90      729.0000      276.7520      1.000000      0.000000      0.000000      0.000000      0.000000      0.000000   1.235619E20  2.858946E19     0.04321938      0.000000      0.000000      0.000000      0.000000      0.000000      0.000000  1.118264E19
 91      729.0000      277.7520      1.000000      0.000000      0.000000      0.000000      0.000000      0.000000   4.791864E20  2.852651E19      0.1679793      0.000000      0.000000      0.000000      0.000000      0.000000      0.000000  1.220555E19
 92      729.0000      278.7520      1.000000      0.000000      0.000000      0.000000      0.000000      0.000000   1.006156E19  2.803125E19      0.3589407      0.000000      0.000000      0.000000      0.000000      0.000000      0.000000  1.070741E19
 93      729.0000      279.7520      1.000000      0.000000      0.000000      0.000000      0.000000      0.000000   2.626171E19  2.800792E19      0.9376530      0.000000      0.000000      0.000000      0.000000      0.000000      0.000000  1.082928E19
 94      729.0000      280.7520      1.000000      0.000000      0.000000      0.000000      0.000000      0.000000  3.400004E20  2.727309E19     0.1246652      0.000000      0.000000      0.000000      0.000000      0.000000      0.000000  9.131201E20
 95      729.0000      281.7520      1.000000      0.000000      0.000000      0.000000      0.000000      0.000000  1.743044E19  2.926372E19     0.5956331      0.000000      0.000000      0.000000      0.000000      0.000000      0.000000  1.090727E19
 96      729.0000      282.7520      1.000000      0.000000      0.000000      0.000000      0.000000      0.000000  1.470250E19  2.769078E19     0.5309528      0.000000      0.000000      0.000000      0.000000      0.000000      0.000000  1.081127E19
 97      729.0000      283.7520      1.000000      0.000000      0.000000      0.000000      0.000000      0.000000   2.912044E19  2.905486E19       1.002257      0.000000      0.000000      0.000000      0.000000      0.000000      0.000000  1.085887E19
 98      729.0000      284.7520      1.000000      0.000000      0.000000      0.000000      0.000000      0.000000   2.893726E19  2.805232E19       1.031546      0.000000      0.000000      0.000000      0.000000      0.000000      0.000000  1.252448E19
 99      729.0000      285.7520      1.000000      0.000000      0.000000      0.000000      0.000000      0.000000  1.391343E19  2.690266E19     0.5171767      0.000000      0.000000      0.000000      0.000000      0.000000      0.000000  1.126919E19
100      729.0000      286.7520      1.000000      0.000000      0.000000      0.000000      0.000000      0.000000   3.329553E20  2.772697E19      0.1200836      0.000000      0.000000      0.000000      0.000000      0.000000      0.000000  8.643817E20
101      729.0000      287.7520      1.000000      0.000000      0.000000      0.000000      0.000000      0.000000   1.879887E19  2.698875E19      0.6965449      0.000000      0.000000      0.000000      0.000000      0.000000      0.000000  1.046687E19
102      729.0000      288.7520      1.000000      0.000000      0.000000      0.000000      0.000000      0.000000   3.413078E19  2.808396E19       1.215312      0.000000      0.000000      0.000000      0.000000      0.000000      0.000000  1.151500E19
103      729.0000      289.7520      1.000000      0.000000      0.000000      0.000000      0.000000      0.000000   1.472111E19  2.948214E19      0.4993229      0.000000      0.000000      0.000000      0.000000      0.000000      0.000000  1.068028E19
104      729.0000      290.7520      1.000000      0.000000      0.000000      0.000000      0.000000      0.000000   1.432101E19  2.609298E19      0.5488452      0.000000      0.000000      0.000000      0.000000      0.000000      0.000000  9.086989E20
105      729.0000      291.7520      1.000000      0.000000      0.000000      0.000000      0.000000      0.000000   1.525375E19  2.739055E19      0.5568980      0.000000      0.000000      0.000000      0.000000      0.000000      0.000000  1.027902E19
106      729.0000      292.7520      1.000000      0.000000      0.000000      0.000000      0.000000      0.000000  9.291464E20  2.765474E19     0.3359809      0.000000      0.000000      0.000000      0.000000      0.000000      0.000000  1.214232E19
107      729.0000      293.7520      1.000000      0.000000      0.000000      0.000000      0.000000      0.000000  1.185985E19  2.916174E19     0.4066922      0.000000      0.000000      0.000000      0.000000      0.000000      0.000000  1.347614E19
108      729.0000      294.7520      1.000000      0.000000      0.000000      0.000000      0.000000      0.000000  2.341196E19  2.954040E19     0.7925405      0.000000      0.000000      0.000000      0.000000      0.000000      0.000000  1.417062E19
109      729.0000      295.7520      1.000000      0.000000      0.000000      0.000000      0.000000      0.000000  9.511322E20  2.642789E19     0.3598972      0.000000      0.000000      0.000000      0.000000      0.000000      0.000000  1.078849E19
110      729.0000      296.7520      1.000000      0.000000      0.000000      0.000000      0.000000      0.000000   4.391073E20  2.679159E19      0.1638975      0.000000      0.000000      0.000000      0.000000      0.000000      0.000000  1.214902E19
111      729.0000      297.7520      1.000000      0.000000      0.000000      0.000000      0.000000      0.000000  1.074085E19  2.693662E19     0.3987452      0.000000      0.000000      0.000000      0.000000      0.000000      0.000000  1.034343E19
112      729.0000      298.7520      1.000000      0.000000      0.000000      0.000000      0.000000      0.000000  1.350097E20  3.074572E19    0.04391171      0.000000      0.000000      0.000000      0.000000      0.000000      0.000000  1.150892E19
113      729.0000      299.7520      1.000000      0.000000      0.000000      0.000000      0.000000      0.000000   1.246023E19  2.712658E19      0.4593368      0.000000      0.000000      0.000000      0.000000      0.000000      0.000000  1.188452E19
114      729.0000      300.7520      1.000000      0.000000      0.000000      0.000000      0.000000      0.000000   1.610049E19  2.991792E19      0.5381553      0.000000      0.000000      0.000000      0.000000      0.000000      0.000000  1.130502E19
115      729.0000      301.7520      1.000000      0.000000      0.000000      0.000000      0.000000      0.000000  6.453975E20  2.810233E19     0.2296598      0.000000      0.000000      0.000000      0.000000      0.000000      0.000000  1.005937E19
116      729.0000      302.7520      1.000000      0.000000      0.000000      0.000000      0.000000      0.000000   7.602563E20  2.744234E19      0.2770377      0.000000      0.000000      0.000000      0.000000      0.000000      0.000000  1.249685E19
117      729.0000      303.7520      1.000000      0.000000      0.000000      0.000000      0.000000      0.000000   9.505843E20  2.518518E19      0.3774379      0.000000      0.000000      0.000000      0.000000      0.000000      0.000000  9.850285E20
118      729.0000      304.7520      1.000000      0.000000      0.000000      0.000000      0.000000      0.000000   9.832345E20  2.523685E19      0.3896027      0.000000      0.000000      0.000000      0.000000      0.000000      0.000000  1.050507E19
119      729.0000      305.7520      1.000000      0.000000      0.000000      0.000000      0.000000      0.000000   8.586561E20  2.662763E19      0.3224681      0.000000      0.000000      0.000000      0.000000      0.000000      0.000000  9.604368E20
120      729.0000      306.7520      1.000000      0.000000      0.000000      0.000000      0.000000      0.000000   3.097613E20  2.712121E19      0.1142136      0.000000      0.000000      0.000000      0.000000      0.000000      0.000000  1.166067E19
121      729.0000      307.7520      1.000000      0.000000      0.000000      0.000000      0.000000      0.000000   1.447978E19  2.644442E19      0.5475550      0.000000      0.000000      0.000000      0.000000      0.000000      0.000000  1.349783E19
122      729.0000      308.7520      1.000000      0.000000      0.000000      0.000000      0.000000      0.000000   2.628127E19  2.795280E19      0.9402018      0.000000      0.000000      0.000000      0.000000      0.000000      0.000000  1.067410E19
123      729.0000      309.7520      1.000000      0.000000      0.000000      0.000000      0.000000      0.000000   1.790187E19  2.538394E19      0.7052441      0.000000      0.000000      0.000000      0.000000      0.000000      0.000000  1.163801E19
124      729.0000      310.7520      1.000000      0.000000      0.000000      0.000000      0.000000      0.000000  8.329626E20  2.900652E19     0.2871640      0.000000      0.000000      0.000000      0.000000      0.000000      0.000000  1.185584E19
125      729.0000      311.7520      1.000000      0.000000      0.000000      0.000000      0.000000      0.000000  1.044330E19  2.674855E19     0.3904249      0.000000      0.000000      0.000000      0.000000      0.000000      0.000000  1.062287E19
126      729.0000      312.7520      1.000000      0.000000      0.000000      0.000000      0.000000      0.000000   3.118406E20  2.740377E19      0.1137948      0.000000      0.000000      0.000000      0.000000      0.000000      0.000000  1.225380E19
127      729.0000      313.7520      1.000000      0.000000      0.000000      0.000000      0.000000      0.000000   1.161981E19  2.833198E19      0.4101305      0.000000      0.000000      0.000000      0.000000      0.000000      0.000000  1.190777E19
128      729.0000      314.7520      1.000000      0.000000      0.000000      0.000000      0.000000      0.000000   2.227795E19  2.869500E19      0.7763706      0.000000      0.000000      0.000000      0.000000      0.000000      0.000000  1.049352E19
129      729.0000      315.7520      1.000000      0.000000      0.000000      0.000000      0.000000      0.000000   3.498843E20  2.612207E19      0.1339420      0.000000      0.000000      0.000000      0.000000      0.000000      0.000000  1.194530E19
130      729.0000      316.7520      1.000000      0.000000      0.000000      0.000000      0.000000      0.000000   3.490105E20  2.898334E19      0.1204176      0.000000      0.000000      0.000000      0.000000      0.000000      0.000000  1.106593E19
131      729.0000      317.7520      1.000000      0.000000      0.000000      0.000000      0.000000      0.000000  2.031719E20  2.592178E19    0.07837885      0.000000      0.000000      0.000000      0.000000      0.000000      0.000000  1.194072E19
132      729.0000      318.7520      1.000000      0.000000      0.000000      0.000000      0.000000      0.000000   1.589927E19  2.718642E19      0.5848239      0.000000      0.000000      0.000000      0.000000      0.000000      0.000000  9.804438E20
133      729.0000      319.7520      1.000000      0.000000      0.000000      0.000000      0.000000      0.000000  4.616825E20  2.579580E19     0.1789759      0.000000      0.000000      0.000000      0.000000      0.000000      0.000000  1.168656E19
134      729.0000      320.7520      1.000000      0.000000      0.000000      0.000000      0.000000      0.000000   9.046465E20  2.673908E19      0.3383238      0.000000      0.000000      0.000000      0.000000      0.000000      0.000000  9.790999E20
135      729.0000      321.7520      1.000000      0.000000      0.000000      0.000000      0.000000      0.000000  1.234538E19  2.908073E19     0.4245210      0.000000      0.000000      0.000000      0.000000      0.000000      0.000000  1.140828E19
136      729.0000      322.7520      1.000000      0.000000      0.000000      0.000000      0.000000      0.000000   5.065391E20  2.478042E19      0.2044110      0.000000      0.000000      0.000000      0.000000      0.000000      0.000000  9.451241E20
137      729.0000      323.7520      1.000000      0.000000      0.000000      0.000000      0.000000      0.000000   1.986755E19  2.767813E19      0.7178068      0.000000      0.000000      0.000000      0.000000      0.000000      0.000000  9.355026E20
138      729.0000      324.7520      1.000000      0.000000      0.000000      0.000000      0.000000      0.000000   3.124201E19  2.481576E19       1.258959      0.000000      0.000000      0.000000      0.000000      0.000000      0.000000  9.383113E20
139      729.0000      325.7520      1.000000      0.000000      0.000000      0.000000      0.000000      0.000000   4.631408E19  2.745448E19       1.686941      0.000000      0.000000      0.000000      0.000000      0.000000      0.000000  1.158416E19
140      729.0000      326.7520      1.000000      0.000000      0.000000      0.000000      0.000000      0.000000   4.213769E19  2.629921E19       1.602242      0.000000      0.000000      0.000000      0.000000      0.000000      0.000000  1.226009E19
141      729.0000      327.7520      1.000000      0.000000      0.000000      0.000000      0.000000      0.000000   1.796305E19  2.661714E19      0.6748678      0.000000      0.000000      0.000000      0.000000      0.000000      0.000000  1.168009E19
