                                                                                                                                                 
                  
  1      714.0000      117.1910      1.000000      205.0000      3312.445      1.076212      1.671327  0.0008679128   3.466148E19  7.456713E19      0.4648360      0.000000      0.000000      0.000000      0.000000      0.000000      0.000000  2.536356E19
  2      714.0000      118.1910      1.000000      205.0000      3312.606      6.822487      1.671457   0.005502006   5.774601E19  7.161830E19      0.8063024      0.000000      0.000000      0.000000      0.000000      0.000000      0.000000  2.269839E19
  3      714.0000      119.1910      1.000000      209.0000      3319.697     0.6701147      1.677175  0.0005404151   8.986861E21  6.506663E19     0.01381178      0.000000      0.000000      0.000000      0.000000      0.000000      0.000000  2.152316E19
  4      714.0000      120.1910      1.000000      206.0000      3312.709      7.540396      1.671540   0.006080965   4.514043E19  7.704714E19      0.5858807      0.000000      0.000000      0.000000      0.000000      0.000000      0.000000  2.729934E19
  5      714.0000      121.1910      1.000000      206.0000      3314.211      10.62845      1.672751   0.008571331  1.122646E19  7.068902E19     0.1588147      0.000000      0.000000      0.000000      0.000000      0.000000      0.000000  2.694059E19
  6      714.0000      122.1910      1.000000      206.0000      3313.403      10.04660      1.672099   0.008102096   3.198475E19  7.858272E19      0.4070201      0.000000      0.000000      0.000000      0.000000      0.000000      0.000000  2.922854E19
  7      714.0000      123.1910      1.000000      199.0000      3300.491     0.6118585      1.661687  0.0004934343  8.802923E20  7.473238E19     0.1177926      0.000000      0.000000      0.000000      0.000000      0.000000      0.000000  2.580113E19
  8      714.0000      124.1910      1.000000      207.0000      3314.729      7.985269      1.673169   0.006439733   1.785660E20  6.736802E19     0.02650605      0.000000      0.000000      0.000000      0.000000      0.000000      0.000000  2.241684E19
  9      714.0000      125.1910      1.000000      205.0000      3311.668      12.51107      1.670700    0.01008957   1.934363E19  6.998613E19      0.2763923      0.000000      0.000000      0.000000      0.000000      0.000000      0.000000  2.339112E19
 10      714.0000      126.1910      1.000000      205.0000      3311.262      10.47171      1.670372   0.008444925  6.249887E20  7.389593E19    0.08457688      0.000000      0.000000      0.000000      0.000000      0.000000      0.000000  2.063872E19
 11      714.0000      127.1910      1.000000      206.0000      3313.128      7.408310      1.671877   0.005974444  2.319328E20  6.828726E19    0.03396428      0.000000      0.000000      0.000000      0.000000      0.000000      0.000000  2.459264E19
 12      714.0000      128.1910      1.000000      205.0000      3311.999      9.095323      1.670967   0.007334938  5.765554E20  6.942046E19    0.08305266      0.000000      0.000000      0.000000      0.000000      0.000000      0.000000  2.647497E19
 13      714.0000      129.1910      1.000000      206.0000      3313.739      11.71336      1.672370   0.009446255   2.743947E19  7.047006E19      0.3893776      0.000000      0.000000      0.000000      0.000000      0.000000      0.000000  2.833658E19
 14      714.0000      130.1910      1.000000      206.0000      3313.230      9.469119      1.671959   0.007636386   1.064251E19  7.183201E19      0.1481583      0.000000      0.000000      0.000000      0.000000      0.000000      0.000000  2.096381E19
 15      714.0000      131.1910      1.000000      208.0000      3317.392     0.6220688      1.675316  0.0005016684   1.556877E19  6.869087E19      0.2266498      0.000000      0.000000      0.000000      0.000000      0.000000      0.000000  2.321513E19
 16      714.0000      132.1910      1.000000      205.0000      3310.804      9.105587      1.670003   0.007343215   2.498337E20  7.229855E19     0.03455584      0.000000      0.000000      0.000000      0.000000      0.000000      0.000000  2.135508E19
 17      714.0000      133.1910      1.000000      204.0000      3309.294     0.9638858      1.668786  0.0007773273   3.640171E19  6.283399E19      0.5793315      0.000000      0.000000      0.000000      0.000000      0.000000      0.000000  1.789940E19
 18      714.0000      134.1910      1.000000      205.0000      3312.389      7.054684      1.671282   0.005689261  1.224695E19  7.344379E19     0.1667527      0.000000      0.000000      0.000000      0.000000      0.000000      0.000000  2.390008E19
 19      714.0000      135.1910      1.000000      205.0000      3312.226      11.82045      1.671150   0.009532618   1.677164E19  7.303875E19      0.2296266      0.000000      0.000000      0.000000      0.000000      0.000000      0.000000  2.540124E19
 20      714.0000      136.1910      1.000000      210.0000      3321.307     0.9049084      1.678473  0.0007297648   2.520952E19  7.320452E19      0.3443710      0.000000      0.000000      0.000000      0.000000      0.000000      0.000000  2.557803E19
 21      714.0000      137.1910      1.000000      206.0000      3313.472      8.926826      1.672155   0.007199053   3.392694E19  6.880775E19      0.4930686      0.000000      0.000000      0.000000      0.000000      0.000000      0.000000  2.521918E19
 22      714.0000      138.1910      1.000000      205.0000      3311.062      7.731103      1.670212   0.006234760   1.760174E19  7.351493E19      0.2394309      0.000000      0.000000      0.000000      0.000000      0.000000      0.000000  2.331705E19
 23      714.0000      139.1910      1.000000      205.0000      3312.382      9.069456      1.671276   0.007314078   4.635618E19  6.963753E19      0.6656781      0.000000      0.000000      0.000000      0.000000      0.000000      0.000000  2.341620E19
 24      714.0000      140.1910      1.000000      205.0000      3312.357      6.824418      1.671255   0.005503563   6.173322E20  7.559241E19     0.08166590      0.000000      0.000000      0.000000      0.000000      0.000000      0.000000  2.461411E19
 25      714.0000      141.1910      1.000000      206.0000      3314.085      10.69863      1.672649   0.008627930   2.774682E20  7.177638E19     0.03865732      0.000000      0.000000      0.000000      0.000000      0.000000      0.000000  2.108312E19
 26      714.0000      142.1910      1.000000      205.0000      3311.585      11.06192      1.670633   0.008920907   1.241540E19  8.103500E19      0.1532104      0.000000      0.000000      0.000000      0.000000      0.000000      0.000000  2.382649E19
 27      714.0000      143.1910      1.000000      204.0000      3309.397      6.744812      1.668868   0.005439365   1.058875E19  7.346285E19      0.1441375      0.000000      0.000000      0.000000      0.000000      0.000000      0.000000  2.255742E19
 28      714.0000      144.1910      1.000000      205.0000      3310.765      2.058026      1.669971   0.001659699  3.177275E19  7.134651E19     0.4453302      0.000000      0.000000      0.000000      0.000000      0.000000      0.000000  2.387491E19
 29      714.0000      145.1910      1.000000      206.0000      3313.708      9.804066      1.672345   0.007906505   1.817770E19  6.712687E19      0.2707962      0.000000      0.000000      0.000000      0.000000      0.000000      0.000000  2.455911E19
 30      714.0000      146.1910      1.000000      205.0000      3312.647      6.484652      1.671489   0.005229558  2.738813E19  7.666750E19     0.3572327      0.000000      0.000000      0.000000      0.000000      0.000000      0.000000  2.493746E19
 31      714.0000      147.1910      1.000000      206.0000      3314.020      6.758667      1.672596   0.005450538  1.854665E19  6.994958E19     0.2651432      0.000000      0.000000      0.000000      0.000000      0.000000      0.000000  1.959984E19
 32      714.0000      148.1910      1.000000      205.0000      3312.422      7.639246      1.671308   0.006160682  2.899088E19  6.970639E19     0.4158998      0.000000      0.000000      0.000000      0.000000      0.000000      0.000000  2.561696E19
 33      714.0000      149.1910      1.000000      206.0000      3313.402     0.5497575      1.672098  0.0004433529  5.404281E20  7.336163E19    0.07366631      0.000000      0.000000      0.000000      0.000000      0.000000      0.000000  2.559179E19
 34      714.0000      150.1910      1.000000      207.0000      3315.424      8.330882      1.673729   0.006718453   6.853891E19  6.646280E19       1.031237      0.000000      0.000000      0.000000      0.000000      0.000000      0.000000  2.521905E19
 35      714.0000      151.1910      1.000000      206.0000      3313.989      7.974254      1.672572   0.006430850   2.240331E19  6.968916E19      0.3214748      0.000000      0.000000      0.000000      0.000000      0.000000      0.000000  2.432884E19
 36      714.0000      152.1910      1.000000      208.0000      3316.973      7.908383      1.674978   0.006377729  3.365363E19  6.831639E19     0.4926143      0.000000      0.000000      0.000000      0.000000      0.000000      0.000000  2.524653E19
 37      714.0000      153.1910      1.000000      207.0000      3316.595      7.169953      1.674673   0.005782221  4.107497E19  6.687846E19     0.6141734      0.000000      0.000000      0.000000      0.000000      0.000000      0.000000  2.532733E19
 38      714.0000      154.1910      1.000000      206.0000      3314.534      7.843387      1.673012   0.006325312   2.668344E19  6.777423E19      0.3937107      0.000000      0.000000      0.000000      0.000000      0.000000      0.000000  2.390633E19
 39      714.0000      155.1910      1.000000      206.0000      3313.810      6.925953      1.672427   0.005585446  1.116068E19  7.629436E19     0.1462844      0.000000      0.000000      0.000000      0.000000      0.000000      0.000000  2.493261E19
 40      714.0000      156.1910      1.000000      205.0000      3311.258      8.787779      1.670370   0.007086918   3.270099E19  7.266131E19      0.4500468      0.000000      0.000000      0.000000      0.000000      0.000000      0.000000  3.031429E19
 41      714.0000      157.1910      1.000000      206.0000      3314.165      7.318327      1.672714   0.005901876   2.235599E20  7.612080E19     0.02936910      0.000000      0.000000      0.000000      0.000000      0.000000      0.000000  2.227213E19
 42      714.0000      158.1910      1.000000      201.0000      3304.497     0.5120744      1.664917  0.0004129632  2.660694E19  7.588777E19     0.3506090      0.000000      0.000000      0.000000      0.000000      0.000000      0.000000  2.769848E19
 43      714.0000      159.1910      1.000000      197.0000      3296.780     0.7574463      1.658694  0.0006108438  1.072051E19  7.380895E19     0.1452467      0.000000      0.000000      0.000000      0.000000      0.000000      0.000000  2.697853E19
 44      714.0000      160.1910      1.000000      199.0000      3300.362     0.9286536      1.661582  0.0007489142  1.930350E19  7.117850E19     0.2711985      0.000000      0.000000      0.000000      0.000000      0.000000      0.000000  2.844740E19
 45      714.0000      161.1910      1.000000      204.0000      3309.010      10.55680      1.668556   0.008513548  1.457139E19  7.192624E19     0.2025879      0.000000      0.000000      0.000000      0.000000      0.000000      0.000000  3.197383E19
 46      714.0000      162.1910      1.000000      206.0000      3313.572      9.604814      1.672235   0.007745817  1.207099E19  6.856181E19     0.1760600      0.000000      0.000000      0.000000      0.000000      0.000000      0.000000  2.959691E19
 47      714.0000      163.1910      1.000000      201.0000      3304.607     0.5652872      1.665006  0.0004558768  3.158738E20  6.562635E19    0.04813215      0.000000      0.000000      0.000000      0.000000      0.000000      0.000000  3.004533E19
 48      714.0000      164.1910      1.000000      206.0000      3313.759      8.324406      1.672386   0.006713230   5.444344E20  7.109974E19     0.07657334      0.000000      0.000000      0.000000      0.000000      0.000000      0.000000  3.224289E19
 49      714.0000      165.1910      1.000000      206.0000      3312.777      7.094295      1.671594   0.005721206  7.757013E19  7.136114E19      1.087008      0.000000      0.000000      0.000000      0.000000      0.000000      0.000000  3.505530E19
 50      714.0000      166.1910      1.000000      206.0000      3313.496      7.715621      1.672174   0.006222276  2.864546E19  7.035574E19     0.4071516      0.000000      0.000000      0.000000      0.000000      0.000000      0.000000  3.762310E19
 51      714.0000      167.1910      1.000000      205.0000      3311.937      10.74926      1.670917   0.008668760  1.515466E19  6.991408E19     0.2167612      0.000000      0.000000      0.000000      0.000000      0.000000      0.000000  3.558416E19
 52      714.0000      168.1910      1.000000      205.0000      3312.433      6.665269      1.671317   0.005375217  8.509164E20  8.384165E19     0.1014909      0.000000      0.000000      0.000000      0.000000      0.000000      0.000000  3.516011E19
 53      714.0000      169.1910      1.000000      205.0000      3311.757      8.670678      1.670772   0.006992483  5.060345E19  8.237907E19     0.6142756      0.000000      0.000000      0.000000      0.000000      0.000000      0.000000  4.382181E19
 54      714.0000      170.1910      1.000000      204.0000      3310.375      5.230708      1.669657   0.004218312  5.210846E19  7.735084E19     0.6736638      0.000000      0.000000      0.000000      0.000000      0.000000      0.000000  4.777029E19
 55      714.0000      171.1910      1.000000      205.0000      3312.695      5.881489      1.671529   0.004743136  5.568834E19  8.022456E19     0.6941557      0.000000      0.000000      0.000000      0.000000      0.000000      0.000000  5.031079E19
 56      714.0000      172.1910      1.000000      205.0000      3311.867      11.08011      1.670861   0.008935574   2.741873E19  8.589276E19      0.3192205      0.000000      0.000000      0.000000      0.000000      0.000000      0.000000  5.488949E19
 57      714.0000      173.1910      1.000000      204.0000      3310.184      7.368548      1.669503   0.005942378   8.538533E20  8.364128E19      0.1020852      0.000000      0.000000      0.000000      0.000000      0.000000      0.000000  6.198892E19
 58      714.0000      174.1910      1.000000      205.0000      3312.014      5.586526      1.670979   0.004505263  4.223053E19  8.993178E19     0.4695841      0.000000      0.000000      0.000000      0.000000      0.000000      0.000000  7.262827E19
 59      714.0000      175.1910      1.000000      204.0000      3309.752      9.034657      1.669155   0.007286013   2.661700E20  9.549871E19     0.02787159      0.000000      0.000000      0.000000      0.000000      0.000000      0.000000  7.712100E19
 60      714.0000      176.1910      1.000000      209.0000      3319.608      1.026712      1.677103  0.0008279935  3.600579E19  9.539926E19     0.3774221      0.000000      0.000000      0.000000      0.000000      0.000000      0.000000  7.485234E19
 61      714.0000      177.1910      1.000000      206.0000      3313.830      5.912105      1.672444   0.004767827  5.283416E19  1.055372E18     0.5006209      0.000000      0.000000      0.000000      0.000000      0.000000      0.000000  8.108685E19
 62      714.0000      178.1910      1.000000      206.0000      3314.412      7.587483      1.672913   0.006118938  3.531768E19  1.055484E18     0.3346113      0.000000      0.000000      0.000000      0.000000      0.000000      0.000000  8.621632E19
 63      714.0000      179.1910      1.000000      205.0000      3312.295      7.717999      1.671206   0.006224193  4.429556E19  1.015509E18     0.4361908      0.000000      0.000000      0.000000      0.000000      0.000000      0.000000  8.327104E19
 64      714.0000      180.1910      1.000000      200.0000      3301.718     0.6838470      1.662676  0.0005514895  3.900224E19  1.035981E18     0.3764764      0.000000      0.000000      0.000000      0.000000      0.000000      0.000000  8.410660E19
 65      714.0000      181.1910      1.000000      204.0000      3310.292      7.970508      1.669590   0.006427829  3.369524E19  1.006662E18     0.3347224      0.000000      0.000000      0.000000      0.000000      0.000000      0.000000  8.248349E19
 66      714.0000      182.1910      1.000000      205.0000      3310.718      6.236023      1.669934   0.005029051  7.344621E19  1.011892E18     0.7258304      0.000000      0.000000      0.000000      0.000000      0.000000      0.000000  8.292398E19
 67      714.0000      183.1910      1.000000      203.0000      3308.600      12.31900      1.668226   0.009934676  4.960884E19  1.028426E18     0.4823764      0.000000      0.000000      0.000000      0.000000      0.000000      0.000000  8.607848E19
 68      714.0000      184.1910      1.000000      205.0000      3312.072      11.92962      1.671026   0.009620660  5.929475E19  1.039301E18     0.5705256      0.000000      0.000000      0.000000      0.000000      0.000000      0.000000  8.428815E19
 69      714.0000      185.1910      1.000000      205.0000      3312.515      7.095588      1.671383   0.005722248  3.254146E19  1.033686E18     0.3148098      0.000000      0.000000      0.000000      0.000000      0.000000      0.000000  8.153376E19
 70      714.0000      186.1910      1.000000      206.0000      3314.678      7.961193      1.673127   0.006420317  6.378727E19  1.014640E18     0.6286687      0.000000      0.000000      0.000000      0.000000      0.000000      0.000000  8.305306E19
 71      714.0000      187.1910      1.000000      206.0000      3313.599      7.318555      1.672257   0.005902060  7.138045E19  1.115594E18     0.6398424      0.000000      0.000000      0.000000      0.000000      0.000000      0.000000  9.156037E19
 72      714.0000      188.1910      1.000000      206.0000      3313.819      8.850852      1.672435   0.007137784   8.066972E21  1.052297E18    0.007666060      0.000000      0.000000      0.000000      0.000000      0.000000      0.000000  8.551969E19
 73      714.0000      189.1910      1.000000      206.0000      3312.806      8.894878      1.671618   0.007173289   7.579717E20  1.147971E18     0.06602707      0.000000      0.000000      0.000000      0.000000      0.000000      0.000000  9.640966E19
 74      714.0000      190.1910      1.000000      204.0000      3310.325      13.69161      1.669617    0.01104162  2.027814E19  1.075793E18     0.1884949      0.000000      0.000000      0.000000      0.000000      0.000000      0.000000  9.013055E19
 75      714.0000      191.1910      1.000000      205.0000      3311.593      7.631822      1.670639   0.006154695  1.813591E19  1.123914E18     0.1613639      0.000000      0.000000      0.000000      0.000000      0.000000      0.000000  9.383244E19
 76      714.0000      192.1910      1.000000      204.0000      3310.002      9.181367      1.669357   0.007404328   4.119792E20  1.072018E18     0.03843026      0.000000      0.000000      0.000000      0.000000      0.000000      0.000000  8.632078E19
 77      714.0000      193.1910      1.000000      205.0000      3312.111      5.619861      1.671057   0.004532146  3.399710E19  1.126324E18     0.3018411      0.000000      0.000000      0.000000      0.000000      0.000000      0.000000  9.508647E19
 78      714.0000      194.1910      1.000000      205.0000      3310.880      8.076338      1.670064   0.006513176  5.024833E19  1.123262E18     0.4473427      0.000000      0.000000      0.000000      0.000000      0.000000      0.000000  9.325813E19
 79      714.0000      195.1910      1.000000      205.0000      3312.059      8.656841      1.671016   0.006981323  2.262120E20  1.194985E18    0.01893012      0.000000      0.000000      0.000000      0.000000      0.000000      0.000000  1.003168E18
 80      714.0000      196.1910      1.000000      204.0000      3310.221      11.77273      1.669533   0.009494137  4.824766E19  1.132252E18     0.4261214      0.000000      0.000000      0.000000      0.000000      0.000000      0.000000  9.626002E19
 81      714.0000      197.1910      1.000000      206.0000      3313.406      8.094646      1.672101   0.006527941  4.934736E19  1.112240E18     0.4436754      0.000000      0.000000      0.000000      0.000000      0.000000      0.000000  9.712591E19
 82      714.0000      198.1910      1.000000      206.0000      3313.397      7.618739      1.672095   0.006144144  6.026880E19  1.164704E18     0.5174601      0.000000      0.000000      0.000000      0.000000      0.000000      0.000000  9.678170E19
 83      714.0000      199.1910      1.000000      209.0000      3319.334     0.9457393      1.676883  0.0007626930  4.901246E20  1.162965E18    0.04214439      0.000000      0.000000      0.000000      0.000000      0.000000      0.000000  9.795570E19
 84      714.0000      200.1910      1.000000      205.0000      3311.788      4.952950      1.670797   0.003994314  2.558128E20  1.072437E18    0.02385341      0.000000      0.000000      0.000000      0.000000      0.000000      0.000000  8.719882E19
 85      714.0000      201.1910      1.000000      204.0000      3310.250      10.32815      1.669556   0.008329154  4.325770E19  1.046966E18     0.4131720      0.000000      0.000000      0.000000      0.000000      0.000000      0.000000  8.509803E19
 86      714.0000      202.1910      1.000000      205.0000      3311.433      7.964048      1.670511   0.006422619   1.389535E19  1.049061E18      0.1324551      0.000000      0.000000      0.000000      0.000000      0.000000      0.000000  8.529092E19
 87      714.0000      203.1910      1.000000      205.0000      3310.911      10.30207      1.670090   0.008308118  3.108559E19  1.014304E18     0.3064720      0.000000      0.000000      0.000000      0.000000      0.000000      0.000000  8.403369E19
 88      714.0000      204.1910      1.000000      205.0000      3312.385      11.82003      1.671278   0.009532278  2.166281E19  1.033106E18     0.2096863      0.000000      0.000000      0.000000      0.000000      0.000000      0.000000  8.712896E19
 89      714.0000      205.1910      1.000000      205.0000      3311.704      5.750866      1.670729   0.004637796   2.924294E19  1.051154E18      0.2781984      0.000000      0.000000      0.000000      0.000000      0.000000      0.000000  8.450206E19
 90      714.0000      206.1910      1.000000      205.0000      3311.439      11.41641      1.670516   0.009206784  6.397846E19  1.023053E18     0.6253683      0.000000      0.000000      0.000000      0.000000      0.000000      0.000000  8.134958E19
 91      714.0000      207.1910      1.000000      205.0000      3312.102      9.030524      1.671050   0.007282681  3.873105E20  1.031117E18    0.03756222      0.000000      0.000000      0.000000      0.000000      0.000000      0.000000  8.254804E19
 92      714.0000      208.1910      1.000000      206.0000      3314.625      12.64476      1.673085    0.01019739  1.687240E19  1.042066E18     0.1619129      0.000000      0.000000      0.000000      0.000000      0.000000      0.000000  8.412660E19
 93      714.0000      209.1910      1.000000      204.0000      3308.971      6.436764      1.668525   0.005190939   2.404375E19  1.023268E18      0.2349702      0.000000      0.000000      0.000000      0.000000      0.000000      0.000000  8.008638E19
 94      714.0000      210.1910      1.000000      205.0000      3312.406      9.208870      1.671295   0.007426508  4.566393E19  9.055689E19     0.5042569      0.000000      0.000000      0.000000      0.000000      0.000000      0.000000  6.929728E19
 95      714.0000      211.1910      1.000000      207.0000      3315.302      8.480474      1.673631   0.006839091  6.275433E19  8.513592E19     0.7371076      0.000000      0.000000      0.000000      0.000000      0.000000      0.000000  6.387934E19
 96      714.0000      212.1910      1.000000      204.0000      3309.047      8.676392      1.668586   0.006997090  1.487033E18  8.665322E19      1.716074      0.000000      0.000000      0.000000      0.000000      0.000000      0.000000  5.573378E19
 97      714.0000      213.1910      1.000000      206.0000      3312.851      8.962349      1.671654   0.007227701  3.761817E19  8.398962E19     0.4478907      0.000000      0.000000      0.000000      0.000000      0.000000      0.000000  5.665558E19
 98      714.0000      214.1910      1.000000      205.0000      3311.251      8.451953      1.670364   0.006816091   1.290404E19  1.033436E18      0.1248653      0.000000      0.000000      0.000000      0.000000      0.000000      0.000000  3.933364E19
 99      714.0000      215.1910      1.000000      204.0000      3310.032      12.05704      1.669381   0.009723421  1.006143E19  7.752403E19     0.1297846      0.000000      0.000000      0.000000      0.000000      0.000000      0.000000  4.507141E19
100      714.0000      216.1910      1.000000      198.0000      3297.916     0.3958425      1.659610  0.0003192278  2.530583E19  7.146331E19     0.3541095      0.000000      0.000000      0.000000      0.000000      0.000000      0.000000  4.203799E19
101      714.0000      217.1910      1.000000      205.0000      3311.561      9.794784      1.670614   0.007899019   4.379514E20  7.818838E19     0.05601234      0.000000      0.000000      0.000000      0.000000      0.000000      0.000000  3.839253E19
102      714.0000      218.1910      1.000000      205.0000      3312.437      11.01759      1.671320   0.008885153  2.972163E19  7.387640E19     0.4023157      0.000000      0.000000      0.000000      0.000000      0.000000      0.000000  4.211341E19
103      714.0000      219.1910      1.000000      205.0000      3312.488      6.525746      1.671361   0.005262699  5.539205E19  6.684854E19     0.8286202      0.000000      0.000000      0.000000      0.000000      0.000000      0.000000  3.064072E19
104      714.0000      220.1910      1.000000      206.0000      3314.671      1.045265      1.673122  0.0008429554  3.897976E19  6.964166E19     0.5597189      0.000000      0.000000      0.000000      0.000000      0.000000      0.000000  2.794779E19
105      714.0000      221.1910      1.000000      206.0000      3313.566      13.19403      1.672230    0.01064035   2.517368E20  6.808975E19     0.03697133      0.000000      0.000000      0.000000      0.000000      0.000000      0.000000  2.706961E19
106      714.0000      222.1910      1.000000      204.0000      3309.886     0.9709705      1.669263  0.0007830407   6.475523E19  7.494799E19      0.8640023      0.000000      0.000000      0.000000      0.000000      0.000000      0.000000  2.860102E19
107      714.0000      223.1910      1.000000      205.0000      3311.939      10.35352      1.670918   0.008349610  1.004174E19  6.922960E19     0.1450498      0.000000      0.000000      0.000000      0.000000      0.000000      0.000000  2.765584E19
108      714.0000      224.1910      1.000000      205.0000      3310.804      9.972792      1.670003   0.008042574  2.833586E19  7.169506E19     0.3952276      0.000000      0.000000      0.000000      0.000000      0.000000      0.000000  2.573659E19
109      714.0000      225.1910      1.000000      206.0000      3314.501     0.4925942      1.672985  0.0003972534   2.253876E20  7.173106E19     0.03142119      0.000000      0.000000      0.000000      0.000000      0.000000      0.000000  2.004649E19
110      714.0000      226.1910      1.000000      206.0000      3313.120      7.753788      1.671871   0.006253055  4.981102E20  6.820437E19    0.07303201      0.000000      0.000000      0.000000      0.000000      0.000000      0.000000  1.891023E19
111      714.0000      227.1910      1.000000      206.0000      3313.985      6.325397      1.672568   0.005101126  5.313669E19  7.371274E19     0.7208617      0.000000      0.000000      0.000000      0.000000      0.000000      0.000000  2.354398E19
112      714.0000      228.1910      1.000000      203.0000      3307.922      8.133287      1.667679   0.006559103   2.419795E19  7.262539E19      0.3331886      0.000000      0.000000      0.000000      0.000000      0.000000      0.000000  2.138947E19
113      714.0000      229.1910      1.000000      207.0000      3314.704      7.345760      1.673148   0.005924000  2.608580E19  7.566477E19     0.3447549      0.000000      0.000000      0.000000      0.000000      0.000000      0.000000  2.472815E19
114      714.0000      230.1910      1.000000      206.0000      3313.438      6.249353      1.672127   0.005039801  5.360729E19  7.761168E19     0.6907116      0.000000      0.000000      0.000000      0.000000      0.000000      0.000000  2.449308E19
115      714.0000      231.1910      1.000000      205.0000      3311.640      10.28027      1.670677   0.008290544  2.487058E19  7.444499E19     0.3340799      0.000000      0.000000      0.000000      0.000000      0.000000      0.000000  2.680637E19
116      714.0000      232.1910      1.000000      205.0000      3311.099     0.4204639      1.670241  0.0003390838   1.976296E19  7.633021E19      0.2589140      0.000000      0.000000      0.000000      0.000000      0.000000      0.000000  2.461363E19
117      714.0000      233.1910      1.000000      206.0000      3313.588      8.596838      1.672248   0.006932934  7.181894E20  6.956920E19     0.1032338      0.000000      0.000000      0.000000      0.000000      0.000000      0.000000  2.461591E19
118      714.0000      234.1910      1.000000      204.0000      3310.405      6.924129      1.669682   0.005583975  4.327810E19  8.299043E19     0.5214830      0.000000      0.000000      0.000000      0.000000      0.000000      0.000000  1.912794E19
119      714.0000      235.1910      1.000000      207.0000      3316.349     0.5526749      1.674475  0.0004457056   2.404357E19  6.628304E19      0.3627409      0.000000      0.000000      0.000000      0.000000      0.000000      0.000000  1.963665E19
120      714.0000      236.1910      1.000000      206.0000      3314.642      8.793446      1.673099   0.007091488  4.277397E19  7.800817E19     0.5483269      0.000000      0.000000      0.000000      0.000000      0.000000      0.000000  1.918938E19
121      714.0000      237.1910      1.000000      203.0000      3308.523      1.016391      1.668164  0.0008196704  4.428420E19  6.820939E19     0.6492390      0.000000      0.000000      0.000000      0.000000      0.000000      0.000000  2.327798E19
122      714.0000      238.1910      1.000000      207.0000      3315.285      7.006944      1.673617   0.005650762   5.056212E20  7.712252E19     0.06556077      0.000000      0.000000      0.000000      0.000000      0.000000      0.000000  2.274180E19
123      714.0000      239.1910      1.000000      206.0000      3312.703      7.579111      1.671534   0.006112186  3.247134E19  7.093218E19     0.4577801      0.000000      0.000000      0.000000      0.000000      0.000000      0.000000  2.159822E19
124      714.0000      240.1910      1.000000      206.0000      3314.046      6.547581      1.672618   0.005280307  1.877202E19  6.706481E19     0.2799086      0.000000      0.000000      0.000000      0.000000      0.000000      0.000000  1.761546E19
125      714.0000      241.1910      1.000000      205.0000      3312.057      9.655862      1.671014   0.007786985   5.188095E20  7.510546E19     0.06907748      0.000000      0.000000      0.000000      0.000000      0.000000      0.000000  2.118342E19
126      714.0000      242.1910      1.000000      205.0000      3311.709      8.371808      1.670733   0.006751458  1.400778E19  6.249226E19     0.2241523      0.000000      0.000000      0.000000      0.000000      0.000000      0.000000  2.454322E19
127      714.0000      243.1910      1.000000      206.0000      3312.775      6.385897      1.671593   0.005149917   3.361373E19  8.060910E19      0.4169968      0.000000      0.000000      0.000000      0.000000      0.000000      0.000000  2.657957E19
128      714.0000      244.1910      1.000000      205.0000      3311.867      11.37524      1.670861   0.009173583  9.239682E20  7.478385E19     0.1235518      0.000000      0.000000      0.000000      0.000000      0.000000      0.000000  2.489409E19
129      714.0000      245.1910      1.000000      204.0000      3309.529      6.612028      1.668975   0.005332281   1.323834E19  7.015711E19      0.1886957      0.000000      0.000000      0.000000      0.000000      0.000000      0.000000  2.160166E19
130      714.0000      246.1910      1.000000      205.0000      3311.871      8.141592      1.670864   0.006565800   5.606137E19  7.401095E19      0.7574740      0.000000      0.000000      0.000000      0.000000      0.000000      0.000000  2.587681E19
131      714.0000      247.1910      1.000000      204.0000      3310.288      6.727771      1.669587   0.005425622  3.219443E19  7.550246E19     0.4264024      0.000000      0.000000      0.000000      0.000000      0.000000      0.000000  2.573072E19
132      714.0000      248.1910      1.000000      206.0000      3313.471      7.764021      1.672154   0.006261307   2.884605E19  7.256276E19      0.3975324      0.000000      0.000000      0.000000      0.000000      0.000000      0.000000  2.337008E19
133      714.0000      249.1910      1.000000      205.0000      3312.666      8.417769      1.671505   0.006788524  5.511098E19  7.405228E19     0.7442172      0.000000      0.000000      0.000000      0.000000      0.000000      0.000000  2.324779E19
134      714.0000      250.1910      1.000000      206.0000      3313.612      6.728557      1.672268   0.005426256  2.510610E19  6.748537E19     0.3720229      0.000000      0.000000      0.000000      0.000000      0.000000      0.000000  2.354706E19
135      714.0000      251.1910      1.000000      201.0000      3304.097     0.4411564      1.664594  0.0003557712  1.541044E19  7.401148E19     0.2082168      0.000000      0.000000      0.000000      0.000000      0.000000      0.000000  2.683828E19
136      714.0000      252.1910      1.000000      206.0000      3314.293      8.429550      1.672817   0.006798024   4.487327E19  7.558065E19      0.5937138      0.000000      0.000000      0.000000      0.000000      0.000000      0.000000  2.024577E19
137      714.0000      253.1910      1.000000      203.0000      3308.569      13.48030      1.668201    0.01087121   5.121797E19  7.801808E19      0.6564884      0.000000      0.000000      0.000000      0.000000      0.000000      0.000000  1.588175E19
138      714.0000      254.1910      1.000000      206.0000      3312.783      9.621866      1.671599   0.007759570   3.028514E19  7.500305E19      0.4037854      0.000000      0.000000      0.000000      0.000000      0.000000      0.000000  1.996042E19
139      714.0000      255.1910      1.000000      205.0000      3312.441      6.469176      1.671323   0.005217078   2.489218E19  6.890346E19      0.3612617      0.000000      0.000000      0.000000      0.000000      0.000000      0.000000  2.216763E19
140      714.0000      256.1910      1.000000      205.0000      3311.471      11.49185      1.670541   0.009267620   1.738055E19  7.984680E19      0.2176737      0.000000      0.000000      0.000000      0.000000      0.000000      0.000000  2.094517E19
141      714.0000      257.1910      1.000000      205.0000      3312.446      9.644237      1.671328   0.007777610   3.646783E19  8.237575E19      0.4427010      0.000000      0.000000      0.000000      0.000000      0.000000      0.000000  2.220818E19
