                                                                                                                                                 
                  
  1      714.0000      117.1910      1.000000      0.000000      0.000000      0.000000      0.000000      0.000000   1.445391E19  2.487753E19      0.5810025      0.000000      0.000000      0.000000      0.000000      0.000000      0.000000  1.002489E19
  2      714.0000      118.1910      1.000000      0.000000      0.000000      0.000000      0.000000      0.000000   3.947844E19  2.934642E19       1.345256      0.000000      0.000000      0.000000      0.000000      0.000000      0.000000  9.156274E20
  3      714.0000      119.1910      1.000000      0.000000      0.000000      0.000000      0.000000      0.000000  2.089905E19  2.769041E19     0.7547397      0.000000      0.000000      0.000000      0.000000      0.000000      0.000000  9.395775E20
  4      714.0000      120.1910      1.000000      0.000000      0.000000      0.000000      0.000000      0.000000  1.788502E19  2.524979E19     0.7083235      0.000000      0.000000      0.000000      0.000000      0.000000      0.000000  8.371015E20
  5      714.0000      121.1910      1.000000      0.000000      0.000000      0.000000      0.000000      0.000000   1.175541E19  2.640237E19      0.4452406      0.000000      0.000000      0.000000      0.000000      0.000000      0.000000  8.675949E20
  6      714.0000      122.1910      1.000000      0.000000      0.000000      0.000000      0.000000      0.000000   1.907456E19  2.864598E19      0.6658723      0.000000      0.000000      0.000000      0.000000      0.000000      0.000000  6.895183E20
  7      714.0000      123.1910      1.000000      0.000000      0.000000      0.000000      0.000000      0.000000  6.720643E20  2.624145E19     0.2561079      0.000000      0.000000      0.000000      0.000000      0.000000      0.000000  8.079819E20
  8      714.0000      124.1910      1.000000      0.000000      0.000000      0.000000      0.000000      0.000000   2.354781E19  2.619618E19      0.8989026      0.000000      0.000000      0.000000      0.000000      0.000000      0.000000  1.037280E19
  9      714.0000      125.1910      1.000000      0.000000      0.000000      0.000000      0.000000      0.000000   1.342029E19  2.631200E19      0.5100446      0.000000      0.000000      0.000000      0.000000      0.000000      0.000000  8.235333E20
 10      714.0000      126.1910      1.000000      0.000000      0.000000      0.000000      0.000000      0.000000   9.195212E20  2.483827E19      0.3702033      0.000000      0.000000      0.000000      0.000000      0.000000      0.000000  9.450033E20
 11      714.0000      127.1910      1.000000      0.000000      0.000000      0.000000      0.000000      0.000000  2.173851E20  2.855602E19    0.07612584      0.000000      0.000000      0.000000      0.000000      0.000000      0.000000  8.149222E20
 12      714.0000      128.1910      1.000000      0.000000      0.000000      0.000000      0.000000      0.000000   1.127397E20  2.717231E19     0.04149065      0.000000      0.000000      0.000000      0.000000      0.000000      0.000000  6.779055E20
 13      714.0000      129.1910      1.000000      0.000000      0.000000      0.000000      0.000000      0.000000   2.988490E20  2.643350E19      0.1130569      0.000000      0.000000      0.000000      0.000000      0.000000      0.000000  8.924354E20
 14      714.0000      130.1910      1.000000      0.000000      0.000000      0.000000      0.000000      0.000000   4.823590E20  2.686521E19      0.1795478      0.000000      0.000000      0.000000      0.000000      0.000000      0.000000  7.987160E20
 15      714.0000      131.1910      1.000000      0.000000      0.000000      0.000000      0.000000      0.000000   7.175068E20  2.591277E19      0.2768932      0.000000      0.000000      0.000000      0.000000      0.000000      0.000000  9.019564E20
 16      714.0000      132.1910      1.000000      0.000000      0.000000      0.000000      0.000000      0.000000   4.422175E20  2.956163E19      0.1495917      0.000000      0.000000      0.000000      0.000000      0.000000      0.000000  8.898915E20
 17      714.0000      133.1910      1.000000      0.000000      0.000000      0.000000      0.000000      0.000000  8.618367E20  2.550166E19     0.3379533      0.000000      0.000000      0.000000      0.000000      0.000000      0.000000  8.230152E20
 18      714.0000      134.1910      1.000000      0.000000      0.000000      0.000000      0.000000      0.000000   2.827580E19  2.533213E19       1.116203      0.000000      0.000000      0.000000      0.000000      0.000000      0.000000  8.239857E20
 19      714.0000      135.1910      1.000000      0.000000      0.000000      0.000000      0.000000      0.000000  2.405488E20  2.564498E19    0.09379959      0.000000      0.000000      0.000000      0.000000      0.000000      0.000000  9.550432E20
 20      714.0000      136.1910      1.000000      0.000000      0.000000      0.000000      0.000000      0.000000  5.382318E20  2.417728E19     0.2226189      0.000000      0.000000      0.000000      0.000000      0.000000      0.000000  7.910994E20
 21      714.0000      137.1910      1.000000      0.000000      0.000000      0.000000      0.000000      0.000000   6.277018E20  2.714143E19      0.2312707      0.000000      0.000000      0.000000      0.000000      0.000000      0.000000  8.366292E20
 22      714.0000      138.1910      1.000000      0.000000      0.000000      0.000000      0.000000      0.000000   1.645462E21  2.681456E19    0.006136450      0.000000      0.000000      0.000000      0.000000      0.000000      0.000000  8.204769E20
 23      714.0000      139.1910      1.000000      0.000000      0.000000      0.000000      0.000000      0.000000  1.308967E19  2.821303E19     0.4639584      0.000000      0.000000      0.000000      0.000000      0.000000      0.000000  8.693314E20
 24      714.0000      140.1910      1.000000      0.000000      0.000000      0.000000      0.000000      0.000000   6.154503E20  2.867014E19      0.2146660      0.000000      0.000000      0.000000      0.000000      0.000000      0.000000  7.844971E20
 25      714.0000      141.1910      1.000000      0.000000      0.000000      0.000000      0.000000      0.000000  1.095747E19  2.769942E19     0.3955850      0.000000      0.000000      0.000000      0.000000      0.000000      0.000000  8.081608E20
 26      714.0000      142.1910      1.000000      0.000000      0.000000      0.000000      0.000000      0.000000   1.003188E19  2.560886E19      0.3917348      0.000000      0.000000      0.000000      0.000000      0.000000      0.000000  1.043882E19
 27      714.0000      143.1910      1.000000      0.000000      0.000000      0.000000      0.000000      0.000000  1.123912E19  2.534524E19     0.4434411      0.000000      0.000000      0.000000      0.000000      0.000000      0.000000  8.676999E20
 28      714.0000      144.1910      1.000000      0.000000      0.000000      0.000000      0.000000      0.000000   1.185332E19  2.442251E19      0.4853441      0.000000      0.000000      0.000000      0.000000      0.000000      0.000000  8.732095E20
 29      714.0000      145.1910      1.000000      0.000000      0.000000      0.000000      0.000000      0.000000  1.258302E19  2.568198E19     0.4899553      0.000000      0.000000      0.000000      0.000000      0.000000      0.000000  8.074693E20
 30      714.0000      146.1910      1.000000      0.000000      0.000000      0.000000      0.000000      0.000000   6.024659E20  2.711385E19      0.2221986      0.000000      0.000000      0.000000      0.000000      0.000000      0.000000  1.072716E19
 31      714.0000      147.1910      1.000000      0.000000      0.000000      0.000000      0.000000      0.000000  6.397196E20  2.461597E19     0.2598799      0.000000      0.000000      0.000000      0.000000      0.000000      0.000000  9.128392E20
 32      714.0000      148.1910      1.000000      0.000000      0.000000      0.000000      0.000000      0.000000  7.860290E20  2.667173E19     0.2947049      0.000000      0.000000      0.000000      0.000000      0.000000      0.000000  8.980611E20
 33      714.0000      149.1910      1.000000      0.000000      0.000000      0.000000      0.000000      0.000000  1.096713E20  2.722867E19    0.04027788      0.000000      0.000000      0.000000      0.000000      0.000000      0.000000  7.742041E20
 34      714.0000      150.1910      1.000000      0.000000      0.000000      0.000000      0.000000      0.000000  2.779363E20  2.794971E19    0.09944158      0.000000      0.000000      0.000000      0.000000      0.000000      0.000000  8.487347E20
 35      714.0000      151.1910      1.000000      0.000000      0.000000      0.000000      0.000000      0.000000  2.120601E19  2.797136E19     0.7581329      0.000000      0.000000      0.000000      0.000000      0.000000      0.000000  7.815436E20
 36      714.0000      152.1910      1.000000      0.000000      0.000000      0.000000      0.000000      0.000000  2.560567E19  2.895521E19     0.8843202      0.000000      0.000000      0.000000      0.000000      0.000000      0.000000  7.389861E20
 37      714.0000      153.1910      1.000000      0.000000      0.000000      0.000000      0.000000      0.000000  7.001940E20  2.643593E19     0.2648645      0.000000      0.000000      0.000000      0.000000      0.000000      0.000000  8.661191E20
 38      714.0000      154.1910      1.000000      0.000000      0.000000      0.000000      0.000000      0.000000  7.257138E20  2.633804E19     0.2755383      0.000000      0.000000      0.000000      0.000000      0.000000      0.000000  8.436970E20
 39      714.0000      155.1910      1.000000      0.000000      0.000000      0.000000      0.000000      0.000000  2.575198E20  2.827576E19    0.09107441      0.000000      0.000000      0.000000      0.000000      0.000000      0.000000  9.370396E20
 40      714.0000      156.1910      1.000000      0.000000      0.000000      0.000000      0.000000      0.000000  2.330863E20  2.463585E19    0.09461264      0.000000      0.000000      0.000000      0.000000      0.000000      0.000000  8.015846E20
 41      714.0000      157.1910      1.000000      0.000000      0.000000      0.000000      0.000000      0.000000  2.698549E20  2.974959E19    0.09070876      0.000000      0.000000      0.000000      0.000000      0.000000      0.000000  7.832126E20
 42      714.0000      158.1910      1.000000      0.000000      0.000000      0.000000      0.000000      0.000000  8.112355E20  2.616382E19     0.3100601      0.000000      0.000000      0.000000      0.000000      0.000000      0.000000  8.243855E20
 43      714.0000      159.1910      1.000000      0.000000      0.000000      0.000000      0.000000      0.000000   2.440594E20  2.506852E19     0.09735694      0.000000      0.000000      0.000000      0.000000      0.000000      0.000000  8.241002E20
 44      714.0000      160.1910      1.000000      0.000000      0.000000      0.000000      0.000000      0.000000   7.829702E20  2.667205E19      0.2935545      0.000000      0.000000      0.000000      0.000000      0.000000      0.000000  8.686995E20
 45      714.0000      161.1910      1.000000      0.000000      0.000000      0.000000      0.000000      0.000000  4.929060E20  2.713609E19     0.1816422      0.000000      0.000000      0.000000      0.000000      0.000000      0.000000  7.921187E20
 46      714.0000      162.1910      1.000000      0.000000      0.000000      0.000000      0.000000      0.000000  2.272686E19  2.614713E19     0.8691913      0.000000      0.000000      0.000000      0.000000      0.000000      0.000000  8.213923E20
 47      714.0000      163.1910      1.000000      0.000000      0.000000      0.000000      0.000000      0.000000   7.271867E20  2.675434E19      0.2718014      0.000000      0.000000      0.000000      0.000000      0.000000      0.000000  9.172845E20
 48      714.0000      164.1910      1.000000      0.000000      0.000000      0.000000      0.000000      0.000000  2.866206E20  2.682326E19     0.1068552      0.000000      0.000000      0.000000      0.000000      0.000000      0.000000  8.769243E20
 49      714.0000      165.1910      1.000000      0.000000      0.000000      0.000000      0.000000      0.000000   8.477515E20  2.542365E19      0.3334500      0.000000      0.000000      0.000000      0.000000      0.000000      0.000000  7.704157E20
 50      714.0000      166.1910      1.000000      0.000000      0.000000      0.000000      0.000000      0.000000   4.637263E20  2.745876E19      0.1688810      0.000000      0.000000      0.000000      0.000000      0.000000      0.000000  9.272915E20
 51      714.0000      167.1910      1.000000      0.000000      0.000000      0.000000      0.000000      0.000000  1.585251E19  2.798331E19     0.5664986      0.000000      0.000000      0.000000      0.000000      0.000000      0.000000  1.033872E19
 52      714.0000      168.1910      1.000000      0.000000      0.000000      0.000000      0.000000      0.000000  1.918493E20  2.874481E19    0.06674225      0.000000      0.000000      0.000000      0.000000      0.000000      0.000000  8.522256E20
 53      714.0000      169.1910      1.000000      0.000000      0.000000      0.000000      0.000000      0.000000  5.939931E20  2.651394E19     0.2240305      0.000000      0.000000      0.000000      0.000000      0.000000      0.000000  8.841132E20
 54      714.0000      170.1910      1.000000      0.000000      0.000000      0.000000      0.000000      0.000000   2.350683E19  2.554110E19      0.9203533      0.000000      0.000000      0.000000      0.000000      0.000000      0.000000  6.974589E20
 55      714.0000      171.1910      1.000000      0.000000      0.000000      0.000000      0.000000      0.000000   1.164906E20  2.526132E19     0.04611421      0.000000      0.000000      0.000000      0.000000      0.000000      0.000000  7.840681E20
 56      714.0000      172.1910      1.000000      0.000000      0.000000      0.000000      0.000000      0.000000  6.645648E20  2.631423E19     0.2525496      0.000000      0.000000      0.000000      0.000000      0.000000      0.000000  1.029234E19
 57      714.0000      173.1910      1.000000      0.000000      0.000000      0.000000      0.000000      0.000000  6.693112E20  2.733083E19     0.2448924      0.000000      0.000000      0.000000      0.000000      0.000000      0.000000  7.918785E20
 58      714.0000      174.1910      1.000000      0.000000      0.000000      0.000000      0.000000      0.000000  2.811111E20  2.310347E19     0.1216748      0.000000      0.000000      0.000000      0.000000      0.000000      0.000000  9.507158E20
 59      714.0000      175.1910      1.000000      0.000000      0.000000      0.000000      0.000000      0.000000  1.457473E20  2.553770E19    0.05707142      0.000000      0.000000      0.000000      0.000000      0.000000      0.000000  1.022596E19
 60      714.0000      176.1910      1.000000      0.000000      0.000000      0.000000      0.000000      0.000000  7.471976E20  2.513342E19     0.2972924      0.000000      0.000000      0.000000      0.000000      0.000000      0.000000  9.774154E20
 61      714.0000      177.1910      1.000000      0.000000      0.000000      0.000000      0.000000      0.000000   1.624141E19  2.550041E19      0.6369079      0.000000      0.000000      0.000000      0.000000      0.000000      0.000000  7.429479E20
 62      714.0000      178.1910      1.000000      0.000000      0.000000      0.000000      0.000000      0.000000   1.028199E19  2.730444E19      0.3765683      0.000000      0.000000      0.000000      0.000000      0.000000      0.000000  9.870707E20
 63      714.0000      179.1910      1.000000      0.000000      0.000000      0.000000      0.000000      0.000000  8.163551E20  2.613908E19     0.3123121      0.000000      0.000000      0.000000      0.000000      0.000000      0.000000  9.829079E20
 64      714.0000      180.1910      1.000000      0.000000      0.000000      0.000000      0.000000      0.000000   1.431426E19  2.991878E19      0.4784373      0.000000      0.000000      0.000000      0.000000      0.000000      0.000000  8.236140E20
 65      714.0000      181.1910      1.000000      0.000000      0.000000      0.000000      0.000000      0.000000   1.736345E19  2.594138E19      0.6693339      0.000000      0.000000      0.000000      0.000000      0.000000      0.000000  9.188329E20
 66      714.0000      182.1910      1.000000      0.000000      0.000000      0.000000      0.000000      0.000000   1.214769E19  2.973132E19      0.4085821      0.000000      0.000000      0.000000      0.000000      0.000000      0.000000  8.487260E20
 67      714.0000      183.1910      1.000000      0.000000      0.000000      0.000000      0.000000      0.000000   1.867628E19  2.711211E19      0.6888535      0.000000      0.000000      0.000000      0.000000      0.000000      0.000000  7.767943E20
 68      714.0000      184.1910      1.000000      0.000000      0.000000      0.000000      0.000000      0.000000   1.421444E19  2.629688E19      0.5405369      0.000000      0.000000      0.000000      0.000000      0.000000      0.000000  9.523644E20
 69      714.0000      185.1910      1.000000      0.000000      0.000000      0.000000      0.000000      0.000000   1.925874E19  2.658547E19      0.7244084      0.000000      0.000000      0.000000      0.000000      0.000000      0.000000  9.401942E20
 70      714.0000      186.1910      1.000000      0.000000      0.000000      0.000000      0.000000      0.000000   2.373252E19  2.772841E19      0.8558919      0.000000      0.000000      0.000000      0.000000      0.000000      0.000000  9.353194E20
 71      714.0000      187.1910      1.000000      0.000000      0.000000      0.000000      0.000000      0.000000   3.103626E19  2.738800E19       1.133207      0.000000      0.000000      0.000000      0.000000      0.000000      0.000000  1.090582E19
 72      714.0000      188.1910      1.000000      0.000000      0.000000      0.000000      0.000000      0.000000   1.974032E19  2.756312E19      0.7161862      0.000000      0.000000      0.000000      0.000000      0.000000      0.000000  9.888254E20
 73      714.0000      189.1910      1.000000      0.000000      0.000000      0.000000      0.000000      0.000000   2.333021E19  2.560322E19      0.9112219      0.000000      0.000000      0.000000      0.000000      0.000000      0.000000  9.022363E20
 74      714.0000      190.1910      1.000000      0.000000      0.000000      0.000000      0.000000      0.000000   1.963669E19  2.720278E19      0.7218635      0.000000      0.000000      0.000000      0.000000      0.000000      0.000000  8.171077E20
 75      714.0000      191.1910      1.000000      0.000000      0.000000      0.000000      0.000000      0.000000  2.729429E19  2.876596E19     0.9488399      0.000000      0.000000      0.000000      0.000000      0.000000      0.000000  9.733981E20
 76      714.0000      192.1910      1.000000      0.000000      0.000000      0.000000      0.000000      0.000000   1.255271E19  2.798509E19      0.4485501      0.000000      0.000000      0.000000      0.000000      0.000000      0.000000  8.546990E20
 77      714.0000      193.1910      1.000000      0.000000      0.000000      0.000000      0.000000      0.000000  7.759295E20  2.618956E19     0.2962744      0.000000      0.000000      0.000000      0.000000      0.000000      0.000000  7.790945E20
 78      714.0000      194.1910      1.000000      0.000000      0.000000      0.000000      0.000000      0.000000   7.779630E20  2.574411E19      0.3021907      0.000000      0.000000      0.000000      0.000000      0.000000      0.000000  8.333103E20
 79      714.0000      195.1910      1.000000      0.000000      0.000000      0.000000      0.000000      0.000000   1.426296E19  2.699211E19      0.5284121      0.000000      0.000000      0.000000      0.000000      0.000000      0.000000  7.769281E20
 80      714.0000      196.1910      1.000000      0.000000      0.000000      0.000000      0.000000      0.000000   1.112162E19  2.591827E19      0.4291034      0.000000      0.000000      0.000000      0.000000      0.000000      0.000000  9.454054E20
 81      714.0000      197.1910      1.000000      0.000000      0.000000      0.000000      0.000000      0.000000  4.276630E20  2.612597E19     0.1636926      0.000000      0.000000      0.000000      0.000000      0.000000      0.000000  8.939171E20
 82      714.0000      198.1910      1.000000      0.000000      0.000000      0.000000      0.000000      0.000000   1.067865E19  2.754152E19      0.3877293      0.000000      0.000000      0.000000      0.000000      0.000000      0.000000  8.175145E20
 83      714.0000      199.1910      1.000000      0.000000      0.000000      0.000000      0.000000      0.000000   2.026352E19  2.649402E19      0.7648339      0.000000      0.000000      0.000000      0.000000      0.000000      0.000000  1.082550E19
 84      714.0000      200.1910      1.000000      0.000000      0.000000      0.000000      0.000000      0.000000   8.004317E20  2.666817E19      0.3001449      0.000000      0.000000      0.000000      0.000000      0.000000      0.000000  8.475323E20
 85      714.0000      201.1910      1.000000      0.000000      0.000000      0.000000      0.000000      0.000000   2.774479E19  2.728023E19       1.017029      0.000000      0.000000      0.000000      0.000000      0.000000      0.000000  7.920554E20
 86      714.0000      202.1910      1.000000      0.000000      0.000000      0.000000      0.000000      0.000000   7.088536E20  2.830392E19      0.2504437      0.000000      0.000000      0.000000      0.000000      0.000000      0.000000  8.168773E20
 87      714.0000      203.1910      1.000000      0.000000      0.000000      0.000000      0.000000      0.000000  8.564951E20  2.499327E19     0.3426903      0.000000      0.000000      0.000000      0.000000      0.000000      0.000000  8.764057E20
 88      714.0000      204.1910      1.000000      0.000000      0.000000      0.000000      0.000000      0.000000   7.150933E20  2.477790E19      0.2886012      0.000000      0.000000      0.000000      0.000000      0.000000      0.000000  8.972127E20
 89      714.0000      205.1910      1.000000      0.000000      0.000000      0.000000      0.000000      0.000000   1.377885E19  2.746600E19      0.5016693      0.000000      0.000000      0.000000      0.000000      0.000000      0.000000  8.974005E20
 90      714.0000      206.1910      1.000000      0.000000      0.000000      0.000000      0.000000      0.000000   2.207494E20  2.586606E19     0.08534324      0.000000      0.000000      0.000000      0.000000      0.000000      0.000000  6.986067E20
 91      714.0000      207.1910      1.000000      0.000000      0.000000      0.000000      0.000000      0.000000   1.199483E19  2.702535E19      0.4438364      0.000000      0.000000      0.000000      0.000000      0.000000      0.000000  8.116181E20
 92      714.0000      208.1910      1.000000      0.000000      0.000000      0.000000      0.000000      0.000000   5.490908E21  2.587398E19     0.02122174      0.000000      0.000000      0.000000      0.000000      0.000000      0.000000  8.287944E20
 93      714.0000      209.1910      1.000000      0.000000      0.000000      0.000000      0.000000      0.000000   5.908409E21  2.668704E19     0.02213962      0.000000      0.000000      0.000000      0.000000      0.000000      0.000000  8.618647E20
 94      714.0000      210.1910      1.000000      0.000000      0.000000      0.000000      0.000000      0.000000   2.070631E19  2.627620E19      0.7880253      0.000000      0.000000      0.000000      0.000000      0.000000      0.000000  9.467066E20
 95      714.0000      211.1910      1.000000      0.000000      0.000000      0.000000      0.000000      0.000000  4.590966E20  2.599510E19     0.1766089      0.000000      0.000000      0.000000      0.000000      0.000000      0.000000  8.225916E20
 96      714.0000      212.1910      1.000000      0.000000      0.000000      0.000000      0.000000      0.000000  1.958233E19  2.690203E19     0.7279126      0.000000      0.000000      0.000000      0.000000      0.000000      0.000000  6.073149E20
 97      714.0000      213.1910      1.000000      0.000000      0.000000      0.000000      0.000000      0.000000  7.151623E20  2.528866E19     0.2827996      0.000000      0.000000      0.000000      0.000000      0.000000      0.000000  7.500104E20
 98      714.0000      214.1910      1.000000      0.000000      0.000000      0.000000      0.000000      0.000000   1.303479E19  4.066330E19      0.3205542      0.000000      0.000000      0.000000      0.000000      0.000000      0.000000  1.028735E19
 99      714.0000      215.1910      1.000000      0.000000      0.000000      0.000000      0.000000      0.000000  8.066919E20  2.768757E19     0.2913553      0.000000      0.000000      0.000000      0.000000      0.000000      0.000000  1.017352E19
100      714.0000      216.1910      1.000000      0.000000      0.000000      0.000000      0.000000      0.000000   4.607975E20  2.481877E19      0.1856649      0.000000      0.000000      0.000000      0.000000      0.000000      0.000000  9.619668E20
101      714.0000      217.1910      1.000000      0.000000      0.000000      0.000000      0.000000      0.000000  5.081887E20  2.753137E19     0.1845853      0.000000      0.000000      0.000000      0.000000      0.000000      0.000000  9.227466E20
102      714.0000      218.1910      1.000000      0.000000      0.000000      0.000000      0.000000      0.000000   4.742786E20  2.604737E19      0.1820831      0.000000      0.000000      0.000000      0.000000      0.000000      0.000000  9.926553E20
103      714.0000      219.1910      1.000000      0.000000      0.000000      0.000000      0.000000      0.000000   9.554401E21  2.672851E19     0.03574611      0.000000      0.000000      0.000000      0.000000      0.000000      0.000000  9.678471E20
104      714.0000      220.1910      1.000000      0.000000      0.000000      0.000000      0.000000      0.000000  1.542666E19  2.560070E19     0.6025877      0.000000      0.000000      0.000000      0.000000      0.000000      0.000000  9.372783E20
105      714.0000      221.1910      1.000000      0.000000      0.000000      0.000000      0.000000      0.000000  6.918028E20  2.727283E19     0.2536601      0.000000      0.000000      0.000000      0.000000      0.000000      0.000000  1.039446E19
106      714.0000      222.1910      1.000000      0.000000      0.000000      0.000000      0.000000      0.000000   5.327341E20  2.537286E19      0.2099622      0.000000      0.000000      0.000000      0.000000      0.000000      0.000000  7.407971E20
107      714.0000      223.1910      1.000000      0.000000      0.000000      0.000000      0.000000      0.000000  9.024221E20  2.347437E19     0.3844287      0.000000      0.000000      0.000000      0.000000      0.000000      0.000000  1.015425E19
108      714.0000      224.1910      1.000000      0.000000      0.000000      0.000000      0.000000      0.000000   2.257776E19  2.897222E19      0.7792898      0.000000      0.000000      0.000000      0.000000      0.000000      0.000000  1.255249E19
109      714.0000      225.1910      1.000000      0.000000      0.000000      0.000000      0.000000      0.000000   1.131207E19  2.751923E19      0.4110603      0.000000      0.000000      0.000000      0.000000      0.000000      0.000000  1.001472E19
110      714.0000      226.1910      1.000000      0.000000      0.000000      0.000000      0.000000      0.000000   2.531450E19  2.434767E19       1.039709      0.000000      0.000000      0.000000      0.000000      0.000000      0.000000  7.863123E20
111      714.0000      227.1910      1.000000      0.000000      0.000000      0.000000      0.000000      0.000000   7.063054E20  2.588500E19      0.2728628      0.000000      0.000000      0.000000      0.000000      0.000000      0.000000  8.330764E20
112      714.0000      228.1910      1.000000      0.000000      0.000000      0.000000      0.000000      0.000000  7.090357E20  2.615031E19     0.2711386      0.000000      0.000000      0.000000      0.000000      0.000000      0.000000  1.074887E19
113      714.0000      229.1910      1.000000      0.000000      0.000000      0.000000      0.000000      0.000000  1.558033E20  2.748612E19    0.05668436      0.000000      0.000000      0.000000      0.000000      0.000000      0.000000  9.752370E20
114      714.0000      230.1910      1.000000      0.000000      0.000000      0.000000      0.000000      0.000000   4.151167E20  2.688993E19      0.1543762      0.000000      0.000000      0.000000      0.000000      0.000000      0.000000  8.207263E20
115      714.0000      231.1910      1.000000      0.000000      0.000000      0.000000      0.000000      0.000000   1.071169E19  2.897198E19      0.3697257      0.000000      0.000000      0.000000      0.000000      0.000000      0.000000  9.505001E20
116      714.0000      232.1910      1.000000      0.000000      0.000000      0.000000      0.000000      0.000000  8.155794E20  2.583868E19     0.3156428      0.000000      0.000000      0.000000      0.000000      0.000000      0.000000  9.164172E20
117      714.0000      233.1910      1.000000      0.000000      0.000000      0.000000      0.000000      0.000000  8.805418E20  2.716581E19     0.3241360      0.000000      0.000000      0.000000      0.000000      0.000000      0.000000  9.549582E20
118      714.0000      234.1910      1.000000      0.000000      0.000000      0.000000      0.000000      0.000000  1.222551E19  2.538014E19     0.4816962      0.000000      0.000000      0.000000      0.000000      0.000000      0.000000  7.858329E20
119      714.0000      235.1910      1.000000      0.000000      0.000000      0.000000      0.000000      0.000000   8.449089E20  2.760621E19      0.3060576      0.000000      0.000000      0.000000      0.000000      0.000000      0.000000  7.880412E20
120      714.0000      236.1910      1.000000      0.000000      0.000000      0.000000      0.000000      0.000000   1.547811E19  2.447486E19      0.6324085      0.000000      0.000000      0.000000      0.000000      0.000000      0.000000  9.145518E20
121      714.0000      237.1910      1.000000      0.000000      0.000000      0.000000      0.000000      0.000000   1.976386E19  2.711213E19      0.7289673      0.000000      0.000000      0.000000      0.000000      0.000000      0.000000  7.456161E20
122      714.0000      238.1910      1.000000      0.000000      0.000000      0.000000      0.000000      0.000000   3.443311E20  2.575333E19      0.1337035      0.000000      0.000000      0.000000      0.000000      0.000000      0.000000  8.786609E20
123      714.0000      239.1910      1.000000      0.000000      0.000000      0.000000      0.000000      0.000000  6.866180E20  2.700176E19     0.2542864      0.000000      0.000000      0.000000      0.000000      0.000000      0.000000  8.031915E20
124      714.0000      240.1910      1.000000      0.000000      0.000000      0.000000      0.000000      0.000000   3.279396E20  2.488299E19      0.1317927      0.000000      0.000000      0.000000      0.000000      0.000000      0.000000  8.158422E20
125      714.0000      241.1910      1.000000      0.000000      0.000000      0.000000      0.000000      0.000000  5.618202E20  2.857779E19     0.1965933      0.000000      0.000000      0.000000      0.000000      0.000000      0.000000  9.500328E20
126      714.0000      242.1910      1.000000      0.000000      0.000000      0.000000      0.000000      0.000000  4.682547E20  2.639693E19     0.1773898      0.000000      0.000000      0.000000      0.000000      0.000000      0.000000  9.070924E20
127      714.0000      243.1910      1.000000      0.000000      0.000000      0.000000      0.000000      0.000000  3.829217E20  2.643465E19     0.1448560      0.000000      0.000000      0.000000      0.000000      0.000000      0.000000  9.076703E20
128      714.0000      244.1910      1.000000      0.000000      0.000000      0.000000      0.000000      0.000000  7.509826E20  2.867578E19     0.2618874      0.000000      0.000000      0.000000      0.000000      0.000000      0.000000  9.752885E20
129      714.0000      245.1910      1.000000      0.000000      0.000000      0.000000      0.000000      0.000000  5.609978E20  2.438557E19     0.2300532      0.000000      0.000000      0.000000      0.000000      0.000000      0.000000  8.730081E20
130      714.0000      246.1910      1.000000      0.000000      0.000000      0.000000      0.000000      0.000000   1.334876E19  2.634318E19      0.5067253      0.000000      0.000000      0.000000      0.000000      0.000000      0.000000  8.242841E20
131      714.0000      247.1910      1.000000      0.000000      0.000000      0.000000      0.000000      0.000000  1.234484E20  2.567470E19    0.04808173      0.000000      0.000000      0.000000      0.000000      0.000000      0.000000  9.486032E20
132      714.0000      248.1910      1.000000      0.000000      0.000000      0.000000      0.000000      0.000000   5.014069E20  2.695803E19      0.1859954      0.000000      0.000000      0.000000      0.000000      0.000000      0.000000  9.129988E20
133      714.0000      249.1910      1.000000      0.000000      0.000000      0.000000      0.000000      0.000000  8.911188E20  2.515546E19     0.3542447      0.000000      0.000000      0.000000      0.000000      0.000000      0.000000  8.525668E20
134      714.0000      250.1910      1.000000      0.000000      0.000000      0.000000      0.000000      0.000000  5.618542E20  2.618377E19     0.2145811      0.000000      0.000000      0.000000      0.000000      0.000000      0.000000  8.152702E20
135      714.0000      251.1910      1.000000      0.000000      0.000000      0.000000      0.000000      0.000000   7.411946E20  2.568394E19      0.2885830      0.000000      0.000000      0.000000      0.000000      0.000000      0.000000  9.473574E20
136      714.0000      252.1910      1.000000      0.000000      0.000000      0.000000      0.000000      0.000000  1.427986E20  2.628137E19    0.05433452      0.000000      0.000000      0.000000      0.000000      0.000000      0.000000  9.682608E20
137      714.0000      253.1910      1.000000      0.000000      0.000000      0.000000      0.000000      0.000000  2.838381E19  2.654994E19      1.069072      0.000000      0.000000      0.000000      0.000000      0.000000      0.000000  8.961680E20
138      714.0000      254.1910      1.000000      0.000000      0.000000      0.000000      0.000000      0.000000  1.126086E19  2.797857E19     0.4024815      0.000000      0.000000      0.000000      0.000000      0.000000      0.000000  7.241762E20
139      714.0000      255.1910      1.000000      0.000000      0.000000      0.000000      0.000000      0.000000  1.049421E19  2.923319E19     0.3589828      0.000000      0.000000      0.000000      0.000000      0.000000      0.000000  7.675474E20
140      714.0000      256.1910      1.000000      0.000000      0.000000      0.000000      0.000000      0.000000  2.049668E19  2.600767E19     0.7881016      0.000000      0.000000      0.000000      0.000000      0.000000      0.000000  8.715478E20
141      714.0000      257.1910      1.000000      0.000000      0.000000      0.000000      0.000000      0.000000  8.963657E20  2.763920E19     0.3243096      0.000000      0.000000      0.000000      0.000000      0.000000      0.000000  7.757203E20
