  1      729.0000      187.7520      1.000000      618.0000      4138.397      10.72045      1.671657   0.006920884  -1.286026E-19  1.844090E-19     -0.6973771      0.000000      0.000000      0.000000      0.000000      0.000000      0.000000  8.289362E-20
  2      729.0000      188.7520      1.000000      618.0000      4137.202      7.857318      1.670886   0.005072510  -6.118451E-20  1.906413E-19     -0.3209405      0.000000      0.000000      0.000000      0.000000      0.000000      0.000000  7.317126E-20
  3      729.0000      189.7520      1.000000      619.0000      4139.348      8.890320      1.672271   0.005739393   2.045069E-20  1.911030E-19      0.1070140      0.000000      0.000000      0.000000      0.000000      0.000000      0.000000  7.873330E-20
  4      729.0000      190.7520      1.000000      618.0000      4136.411      8.450653      1.670375   0.005455554  -2.030916E-19  1.894873E-19      -1.071795      0.000000      0.000000      0.000000      0.000000      0.000000      0.000000  9.383359E-20
  5      729.0000      191.7520      1.000000      619.0000      4139.170      5.239301      1.672156   0.003382376  -1.960724E-19  1.674110E-19      -1.171204      0.000000      0.000000      0.000000      0.000000      0.000000      0.000000  7.666395E-20
  6      729.0000      192.7520      1.000000      620.0000      4140.881      4.752101      1.673261   0.003067851  -2.865693E-19  1.834693E-19      -1.561946      0.000000      0.000000      0.000000      0.000000      0.000000      0.000000  7.363986E-20
  7      729.0000      193.7520      1.000000      619.0000      4138.474      3.289481      1.671707   0.002123616  -9.114058E-20  1.789475E-19     -0.5093145      0.000000      0.000000      0.000000      0.000000      0.000000      0.000000  9.499463E-20
  8      729.0000      194.7520      1.000000      619.0000      4140.559      4.235001      1.673053   0.002734023  -7.814916E-20  1.984539E-19     -0.3937900      0.000000      0.000000      0.000000      0.000000      0.000000      0.000000  1.084775E-19
  9      729.0000      195.7520      1.000000      619.0000      4139.149      3.230681      1.672143   0.002085656  -5.405450E-20  1.899478E-19     -0.2845755      0.000000      0.000000      0.000000      0.000000      0.000000      0.000000  9.598366E-20
 10      729.0000      196.7520      1.000000      619.0000      4139.611      4.259179      1.672441   0.002749631  -9.347692E-20  1.940406E-19     -0.4817390      0.000000      0.000000      0.000000      0.000000      0.000000      0.000000  1.057300E-19
 11      729.0000      197.7520      1.000000      618.0000      4138.161      4.544042      1.671505   0.002933533  -5.375589E-20  2.068102E-19     -0.2599287      0.000000      0.000000      0.000000      0.000000      0.000000      0.000000  1.218575E-19
 12      729.0000      198.7520      1.000000      619.0000      4140.140     0.8947669      1.672782  0.0005776417  -2.324621E-19  1.917220E-19      -1.212495      0.000000      0.000000      0.000000      0.000000      0.000000      0.000000  8.406505E-20
 13      729.0000      199.7520      1.000000      618.0000      4138.389      6.714975      1.671652   0.004335039  -6.128570E-20  1.927978E-19     -0.3178755      0.000000      0.000000      0.000000      0.000000      0.000000      0.000000  8.859740E-20
 14      729.0000      200.7520      1.000000      618.0000      4137.894      12.94759      1.671333   0.008358679  -2.031309E-19  1.857283E-19      -1.093699      0.000000      0.000000      0.000000      0.000000      0.000000      0.000000  7.831310E-20
 15      729.0000      201.7520      1.000000      620.0000      4141.924      8.208672      1.673934   0.005299336   4.599864E-20  1.968181E-19      0.2337114      0.000000      0.000000      0.000000      0.000000      0.000000      0.000000  7.504550E-20
 16      729.0000      202.7520      1.000000      619.0000      4138.489      13.16930      1.671716   0.008501810  -3.007954E-20  1.868442E-19     -0.1609873      0.000000      0.000000      0.000000      0.000000      0.000000      0.000000  6.521778E-20
 17      729.0000      203.7520      1.000000      624.0000      4151.239     0.3967440      1.679948  0.0002561291  -2.283529E-19  1.849591E-19      -1.234613      0.000000      0.000000      0.000000      0.000000      0.000000      0.000000  8.303024E-20
 18      729.0000      204.7520      1.000000      618.0000      4136.541      4.241563      1.670459   0.002738259  -4.161956E-20  1.874110E-19     -0.2220764      0.000000      0.000000      0.000000      0.000000      0.000000      0.000000  8.712762E-20
 19      729.0000      205.7520      1.000000      617.0000      4134.732      5.382094      1.669291   0.003474560   1.114190E-19  1.919406E-19      0.5804865      0.000000      0.000000      0.000000      0.000000      0.000000      0.000000  7.812026E-20
 20      729.0000      206.7520      1.000000      618.0000      4136.432      5.104895      1.670389   0.003295607  -2.990542E-20  1.876182E-19     -0.1593951      0.000000      0.000000      0.000000      0.000000      0.000000      0.000000  9.445741E-20
 21      729.0000      207.7520      1.000000      620.0000      4141.056      6.432523      1.673373   0.004152694  -1.217701E-19  2.081734E-19     -0.5849458      0.000000      0.000000      0.000000      0.000000      0.000000      0.000000  1.099007E-19
 22      729.0000      208.7520      1.000000      619.0000      4139.856      5.756938      1.672599   0.003716551   8.599069E-20  1.874921E-19      0.4586364      0.000000      0.000000      0.000000      0.000000      0.000000      0.000000  8.586198E-20
 23      729.0000      209.7520      1.000000      618.0000      4136.987      8.689040      1.670747   0.005609451  -2.185309E-21  1.968007E-19    -0.01110417      0.000000      0.000000      0.000000      0.000000      0.000000      0.000000  7.922580E-20
 24      729.0000      210.7520      1.000000      619.0000      4139.638      5.952101      1.672458   0.003842544   2.753830E-20  1.907488E-19      0.1443694      0.000000      0.000000      0.000000      0.000000      0.000000      0.000000  7.587284E-20
 25      729.0000      211.7520      1.000000      618.0000      4136.609      8.547947      1.670503   0.005518365  -1.479845E-19  1.883679E-19     -0.7856147      0.000000      0.000000      0.000000      0.000000      0.000000      0.000000  7.691491E-20
 26      729.0000      212.7520      1.000000      618.0000      4138.128      7.944642      1.671484   0.005128885  -1.203035E-20  1.906406E-19    -0.06310484      0.000000      0.000000      0.000000      0.000000      0.000000      0.000000  7.373292E-20
 27      729.0000      213.7520      1.000000      618.0000      4137.711      7.709787      1.671215   0.004977268  -1.571505E-19  1.967686E-19     -0.7986566      0.000000      0.000000      0.000000      0.000000      0.000000      0.000000  8.316622E-20
 28      729.0000      214.7520      1.000000      619.0000      4139.287      4.602988      1.672231   0.002971587  -4.605310E-19  1.943612E-19      -2.369459      0.000000      0.000000      0.000000      0.000000      0.000000      0.000000  7.958359E-20
 29      729.0000      215.7520      1.000000      620.0000      4140.708      6.494060      1.673149   0.004192421  -1.369446E-19  1.871567E-19     -0.7317111      0.000000      0.000000      0.000000      0.000000      0.000000      0.000000  8.225289E-20
 30      729.0000      216.7520      1.000000      618.0000      4136.581      10.26488      1.670485   0.006626775  -8.457635E-20  1.971934E-19     -0.4289006      0.000000      0.000000      0.000000      0.000000      0.000000      0.000000  8.335628E-20
 31      729.0000      217.7520      1.000000      618.0000      4136.692      8.927946      1.670557   0.005763684  -8.734237E-20  1.913663E-19     -0.4564146      0.000000      0.000000      0.000000      0.000000      0.000000      0.000000  7.508463E-20
 32      729.0000      218.7520      1.000000      619.0000      4138.508      7.903387      1.671729   0.005102251  -2.022779E-19  1.813962E-19      -1.115116      0.000000      0.000000      0.000000      0.000000      0.000000      0.000000  6.447608E-20
 33      729.0000      219.7520      1.000000      618.0000      4137.307      8.621290      1.670953   0.005565714   3.759781E-20  2.027957E-19      0.1853975      0.000000      0.000000      0.000000      0.000000      0.000000      0.000000  9.156307E-20
 34      729.0000      220.7520      1.000000      618.0000      4136.389      6.538148      1.670361   0.004220883  -1.325918E-19  1.964825E-19     -0.6748276      0.000000      0.000000      0.000000      0.000000      0.000000      0.000000  9.184857E-20
 35      729.0000      221.7520      1.000000      620.0000      4140.785      6.994551      1.673199   0.004515527  -1.190107E-19  1.815538E-19     -0.6555120      0.000000      0.000000      0.000000      0.000000      0.000000      0.000000  7.369868E-20
 36      729.0000      222.7520      1.000000      619.0000      4140.099      6.284833      1.672756   0.004057349  -1.923385E-19  1.941528E-19     -0.9906555      0.000000      0.000000      0.000000      0.000000      0.000000      0.000000  7.291499E-20
 37      729.0000      223.7520      1.000000      619.0000      4139.047     0.6437939      1.672077  0.0004156191   1.119894E-19  1.924902E-19      0.5817925      0.000000      0.000000      0.000000      0.000000      0.000000      0.000000  7.456331E-20
 38      729.0000      224.7520      1.000000      618.0000      4137.555      8.301122      1.671113   0.005359020  -1.070528E-19  2.033667E-19     -0.5264025      0.000000      0.000000      0.000000      0.000000      0.000000      0.000000  9.336013E-20
 39      729.0000      225.7520      1.000000      618.0000      4137.877     0.7158222      1.671321  0.0004621189   3.391376E-20  1.987738E-19      0.1706148      0.000000      0.000000      0.000000      0.000000      0.000000      0.000000  1.044332E-19
 40      729.0000      226.7520      1.000000      617.0000      4135.247      8.137216      1.669623   0.005253206  -5.228788E-20  1.937009E-19     -0.2699414      0.000000      0.000000      0.000000      0.000000      0.000000      0.000000  7.048365E-20
 41      729.0000      227.7520      1.000000      619.0000      4139.399      6.541325      1.672304   0.004222934  -1.560138E-19  1.900700E-19     -0.8208232      0.000000      0.000000      0.000000      0.000000      0.000000      0.000000  7.504308E-20
 42      729.0000      228.7520      1.000000      615.0000      4131.243     0.6577035      1.667038  0.0004245988  -1.537443E-19  1.899540E-19     -0.8093765      0.000000      0.000000      0.000000      0.000000      0.000000      0.000000  7.631464E-20
 43      729.0000      229.7520      1.000000      618.0000      4136.758      11.98497      1.670599   0.007737228   1.237882E-19  1.873515E-19      0.6607272      0.000000      0.000000      0.000000      0.000000      0.000000      0.000000  8.459428E-20
 44      729.0000      230.7520      1.000000      619.0000      4139.926      12.40131      1.672644   0.008006012  -1.126530E-19  2.076619E-19     -0.5424830      0.000000      0.000000      0.000000      0.000000      0.000000      0.000000  7.605089E-20
 45      729.0000      231.7520      1.000000      617.0000      4136.127     0.7307702      1.670192  0.0004717690   3.867793E-21  1.920259E-19     0.02014204      0.000000      0.000000      0.000000      0.000000      0.000000      0.000000  8.528003E-20
 46      729.0000      232.7520      1.000000      618.0000      4136.974      3.848781      1.670738   0.002484687   9.546262E-20  1.986654E-19      0.4805195      0.000000      0.000000      0.000000      0.000000      0.000000      0.000000  8.720697E-20
 47      729.0000      233.7520      1.000000      618.0000      4138.256      10.97177      1.671566   0.007083130  -1.672915E-19  1.812406E-19     -0.9230355      0.000000      0.000000      0.000000      0.000000      0.000000      0.000000  6.634542E-20
 48      729.0000      234.7520      1.000000      619.0000      4138.959      6.805819      1.672020   0.004393685  -2.203501E-20  1.989701E-19     -0.1107453      0.000000      0.000000      0.000000      0.000000      0.000000      0.000000  7.170809E-20
 49      729.0000      235.7520      1.000000      620.0000      4141.183      6.405894      1.673455   0.004135503   1.833192E-20  1.756890E-19      0.1043430      0.000000      0.000000      0.000000      0.000000      0.000000      0.000000  6.211282E-20
 50      729.0000      236.7520      1.000000      618.0000      4137.456      4.513840      1.671050   0.002914035  -1.201138E-19  1.742297E-19     -0.6893993      0.000000      0.000000      0.000000      0.000000      0.000000      0.000000  7.766199E-20
 51      729.0000      237.7520      1.000000      618.0000      4137.508      4.316972      1.671083   0.002786941  -7.765201E-20  1.877320E-19     -0.4136322      0.000000      0.000000      0.000000      0.000000      0.000000      0.000000  8.742619E-20
 52      729.0000      238.7520      1.000000      615.0000      4131.770      5.894444      1.667379   0.003805322  -1.218047E-19  1.878341E-19     -0.6484694      0.000000      0.000000      0.000000      0.000000      0.000000      0.000000  8.627651E-20
 53      729.0000      239.7520      1.000000      616.0000      4133.633      4.924379      1.668581   0.003179070  -2.863484E-20  1.890532E-19     -0.1514644      0.000000      0.000000      0.000000      0.000000      0.000000      0.000000  9.083079E-20
 54      729.0000      240.7520      1.000000      618.0000      4136.864      4.233447      1.670668   0.002733019  -2.185149E-20  1.462452E-19     -0.1494167      0.000000      0.000000      0.000000      0.000000      0.000000      0.000000  7.606836E-20
 55      729.0000      241.7520      1.000000      618.0000      4137.024      7.277685      1.670771   0.004698311  -2.759966E-20  1.787364E-19     -0.1544155      0.000000      0.000000      0.000000      0.000000      0.000000      0.000000  7.211159E-20
 56      729.0000      242.7520      1.000000      619.0000      4138.676      5.114403      1.671838   0.003301745   5.667505E-20  1.819041E-19      0.3115656      0.000000      0.000000      0.000000      0.000000      0.000000      0.000000  8.235880E-20
 57      729.0000      243.7520      1.000000      618.0000      4138.116     0.5669928      1.671476  0.0003660379   2.677718E-20  1.690671E-19      0.1583820      0.000000      0.000000      0.000000      0.000000      0.000000      0.000000  8.947280E-20
 58      729.0000      244.7520      1.000000      618.0000      4137.353      6.162744      1.670983   0.003978530  -6.995416E-20  1.930008E-19     -0.3624553      0.000000      0.000000      0.000000      0.000000      0.000000      0.000000  8.703738E-20
 59      729.0000      245.7520      1.000000      618.0000      4136.315      9.293032      1.670313   0.005999375   5.452729E-20  1.789111E-19      0.3047730      0.000000      0.000000      0.000000      0.000000      0.000000      0.000000  7.593478E-20
 60      729.0000      246.7520      1.000000      617.0000      4135.780      7.240101      1.669968   0.004674048  -3.123695E-20  1.838040E-19     -0.1699470      0.000000      0.000000      0.000000      0.000000      0.000000      0.000000  7.578770E-20
 61      729.0000      247.7520      1.000000      616.0000      4132.268      1.030765      1.667701  0.0006654388   2.778132E-20  1.979866E-19      0.1403192      0.000000      0.000000      0.000000      0.000000      0.000000      0.000000  8.966425E-20
 62      729.0000      248.7520      1.000000      619.0000      4139.892      6.214086      1.672622   0.004011676   8.420171E-20  1.900265E-19      0.4431052      0.000000      0.000000      0.000000      0.000000      0.000000      0.000000  9.126550E-20
 63      729.0000      249.7520      1.000000      617.0000      4135.168      4.017473      1.669573   0.002593591   2.470415E-19  1.796831E-19       1.374873      0.000000      0.000000      0.000000      0.000000      0.000000      0.000000  7.514176E-20
 64      729.0000      250.7520      1.000000      617.0000      4135.164      6.591062      1.669570   0.004255043   1.039608E-19  1.823025E-19      0.5702652      0.000000      0.000000      0.000000      0.000000      0.000000      0.000000  8.834945E-20
 65      729.0000      251.7520      1.000000      616.0000      4133.140      4.524102      1.668263   0.002920660   1.104769E-19  1.729472E-19      0.6387898      0.000000      0.000000      0.000000      0.000000      0.000000      0.000000  7.595633E-20
 66      729.0000      252.7520      1.000000      617.0000      4134.621      4.566383      1.669219   0.002947956   2.788314E-19  1.760165E-19       1.584121      0.000000      0.000000      0.000000      0.000000      0.000000      0.000000  7.622121E-20
 67      729.0000      253.7520      1.000000      617.0000      4135.646      3.911717      1.669881   0.002525317   3.143112E-19  1.853181E-19       1.696063      0.000000      0.000000      0.000000      0.000000      0.000000      0.000000  8.204396E-20
 68      729.0000      254.7520      1.000000      616.0000      4133.664      3.530319      1.668602   0.002279096   2.579531E-19  1.839122E-19       1.402588      0.000000      0.000000      0.000000      0.000000      0.000000      0.000000  8.218623E-20
 69      729.0000      255.7520      1.000000      617.0000      4135.982      5.822244      1.670098   0.003758711   1.514077E-19  1.843759E-19      0.8211899      0.000000      0.000000      0.000000      0.000000      0.000000      0.000000  8.056798E-20
 70      729.0000      256.7520      1.000000      617.0000      4135.417      3.930826      1.669733   0.002537654   3.215749E-19  1.824441E-19       1.762594      0.000000      0.000000      0.000000      0.000000      0.000000      0.000000  7.513064E-20
 71      729.0000      257.7520      1.000000      618.0000      4137.902      3.810520      1.671338   0.002459987   2.440010E-19  1.954275E-19       1.248550      0.000000      0.000000      0.000000      0.000000      0.000000      0.000000  8.809197E-20
 72      729.0000      258.7520      1.000000      618.0000      4136.971      2.989411      1.670736   0.001929897   2.766930E-19  1.918921E-19       1.441920      0.000000      0.000000      0.000000      0.000000      0.000000      0.000000  8.877600E-20
 73      729.0000      259.7520      1.000000      617.0000      4134.723      3.619754      1.669286   0.002336832   3.193556E-19  1.840155E-19       1.735482      0.000000      0.000000      0.000000      0.000000      0.000000      0.000000  6.941440E-20
 74      729.0000      260.7520      1.000000      617.0000      4135.848      2.446342      1.670011   0.001579304   3.700089E-19  1.839288E-19       2.011696     0.2183909     0.1096052      4137.558      6.518457      6012.983      59911.79  8.783093E-20
 75      729.0000      261.7520      1.000000      619.0000      4139.333      5.840035      1.672261   0.003770197   1.598657E-19  1.905798E-19      0.8388384      0.000000      0.000000      0.000000      0.000000      0.000000      0.000000  9.237150E-20
 76      729.0000      262.7520      1.000000      619.0000      4140.128      3.328261      1.672775   0.002148651   2.440316E-19  1.594867E-19       1.530107      0.000000      0.000000      0.000000      0.000000      0.000000      0.000000  6.955926E-20
 77      729.0000      263.7520      1.000000      618.0000      4137.854      3.223406      1.671306   0.002080959   3.030356E-19  1.900678E-19       1.594356      0.000000      0.000000      0.000000      0.000000      0.000000      0.000000  7.996363E-20
 78      729.0000      264.7520      1.000000      618.0000      4137.419      3.212200      1.671026   0.002073725   4.087048E-19  1.707522E-19       2.393555     0.2411388     0.1021147      4140.828      4.366216      17.70905      11.18455  8.127715E-20
 79      729.0000      265.7520      1.000000      618.0000      4137.582      3.758917      1.671131   0.002426674   4.027196E-19  1.821029E-19       2.211494     0.2375981     0.1086860      4141.314      7.296933      26.06119      17.23920  8.895384E-20
 80      729.0000      266.7520      1.000000      620.0000      4140.718      3.615408      1.673156   0.002334027   3.127593E-19  1.960815E-19       1.595048      0.000000      0.000000      0.000000      0.000000      0.000000      0.000000  8.903683E-20
 81      729.0000      267.7520      1.000000      621.0000      4143.778      4.593093      1.675131   0.002965199   1.780645E-19  1.783110E-19      0.9986173      0.000000      0.000000      0.000000      0.000000      0.000000      0.000000  9.166651E-20
 82      729.0000      268.7520      1.000000      620.0000      4141.517      3.713526      1.673671   0.002397370   2.556910E-19  1.863721E-19       1.371939      0.000000      0.000000      0.000000      0.000000      0.000000      0.000000  8.705855E-20
 83      729.0000      269.7520      1.000000      620.0000      4141.447      2.817628      1.673626   0.001818998   2.544538E-19  1.765715E-19       1.441081      0.000000      0.000000      0.000000      0.000000      0.000000      0.000000  6.330469E-20
 84      729.0000      270.7520      1.000000      620.0000      4141.567      6.058567      1.673704   0.003911276   2.466783E-19  1.872384E-19       1.317456      0.000000      0.000000      0.000000      0.000000      0.000000      0.000000  6.731887E-20
 85      729.0000      271.7520      1.000000      618.0000      4136.343      6.398596      1.670331   0.004130792   7.043356E-20  1.900140E-19      0.3706757      0.000000      0.000000      0.000000      0.000000      0.000000      0.000000  6.976043E-20
 86      729.0000      272.7520      1.000000      618.0000      4138.001      14.08363      1.671402   0.009092079   7.340319E-20  1.726591E-19      0.4251335      0.000000      0.000000      0.000000      0.000000      0.000000      0.000000  6.362867E-20
 87      729.0000      273.7520      1.000000      617.0000      4134.280      6.721582      1.668999   0.004339304   6.499806E-20  1.874254E-19      0.3467943      0.000000      0.000000      0.000000      0.000000      0.000000      0.000000  8.012221E-20
 88      729.0000      274.7520      1.000000      617.0000      4134.728      4.791008      1.669289   0.003092969   2.464208E-19  1.950757E-19       1.263206      0.000000      0.000000      0.000000      0.000000      0.000000      0.000000  8.408316E-20
 89      729.0000      275.7520      1.000000      618.0000      4136.389      6.814765      1.670361   0.004399461   1.536748E-19  1.968848E-19      0.7805315      0.000000      0.000000      0.000000      0.000000      0.000000      0.000000  8.326807E-20
 90      729.0000      276.7520      1.000000      619.0000      4138.504      5.645690      1.671726   0.003644732   3.442278E-19  1.886407E-19       1.824780      0.000000      0.000000      0.000000      0.000000      0.000000      0.000000  7.823658E-20
 91      729.0000      277.7520      1.000000      619.0000      4139.727      7.241969      1.672516   0.004675254  -4.769061E-20  1.868517E-19     -0.2552323      0.000000      0.000000      0.000000      0.000000      0.000000      0.000000  8.723694E-20
 92      729.0000      278.7520      1.000000      618.0000      4136.504      13.62096      1.670435   0.008793388   2.421315E-20  1.899459E-19      0.1274739      0.000000      0.000000      0.000000      0.000000      0.000000      0.000000  6.989203E-20
 93      729.0000      279.7520      1.000000      616.0000      4133.602     0.5717035      1.668561  0.0003690791   1.372076E-20  1.813095E-19     0.07567590      0.000000      0.000000      0.000000      0.000000      0.000000      0.000000  7.011511E-20
 94      729.0000      280.7520      1.000000      618.0000      4136.612      7.703271      1.670505   0.004973061  -4.867394E-20  1.844776E-19     -0.2638474      0.000000      0.000000      0.000000      0.000000      0.000000      0.000000  6.828522E-20
 95      729.0000      281.7520      1.000000      620.0000      4141.807      5.887356      1.673858   0.003800747  -2.421690E-20  1.834180E-19     -0.1320312      0.000000      0.000000      0.000000      0.000000      0.000000      0.000000  8.179631E-20
 96      729.0000      282.7520      1.000000      619.0000      4139.861      9.975155      1.672602   0.006439738  -3.416624E-20  1.905285E-19     -0.1793235      0.000000      0.000000      0.000000      0.000000      0.000000      0.000000  7.568333E-20
 97      729.0000      283.7520      1.000000      618.0000      4136.664      6.472984      1.670538   0.004178815  -2.602670E-19  1.795666E-19      -1.449418      0.000000      0.000000      0.000000      0.000000      0.000000      0.000000  7.192141E-20
 98      729.0000      284.7520      1.000000      617.0000      4135.904      6.610331      1.670048   0.004267483  -2.091364E-19  1.955881E-19      -1.069269      0.000000      0.000000      0.000000      0.000000      0.000000      0.000000  9.132036E-20
 99      729.0000      285.7520      1.000000      618.0000      4138.273      8.181473      1.671577   0.005281777  -3.585323E-20  1.905990E-19     -0.1881081      0.000000      0.000000      0.000000      0.000000      0.000000      0.000000  7.369257E-20
100      729.0000      286.7520      1.000000      618.0000      4137.118      1.078666      1.670831  0.0006963628   6.221114E-20  1.856549E-19      0.3350902      0.000000      0.000000      0.000000      0.000000      0.000000      0.000000  7.702362E-20
101      729.0000      287.7520      1.000000      618.0000      4137.917      8.603026      1.671347   0.005553923  -7.911244E-20  1.936158E-19     -0.4086052      0.000000      0.000000      0.000000      0.000000      0.000000      0.000000  7.788551E-20
102      729.0000      288.7520      1.000000      618.0000      4137.855      9.086296      1.671307   0.005865911  -7.214141E-20  1.812691E-19     -0.3979796      0.000000      0.000000      0.000000      0.000000      0.000000      0.000000  7.664996E-20
103      729.0000      289.7520      1.000000      617.0000      4135.523      11.81992      1.669802   0.007630675   8.934852E-20  1.842764E-19      0.4848613      0.000000      0.000000      0.000000      0.000000      0.000000      0.000000  7.851089E-20
104      729.0000      290.7520      1.000000      619.0000      4139.255     0.6263575      1.672211  0.0004043625  -1.730882E-19  1.913136E-19     -0.9047355      0.000000      0.000000      0.000000      0.000000      0.000000      0.000000  8.037192E-20
105      729.0000      291.7520      1.000000      618.0000      4138.177      10.95907      1.671515   0.007074933  -2.884694E-20  1.869735E-19     -0.1542836      0.000000      0.000000      0.000000      0.000000      0.000000      0.000000  7.921753E-20
106      729.0000      292.7520      1.000000      618.0000      4137.637      6.667188      1.671166   0.004304188  -4.999252E-20  1.846715E-19     -0.2707106      0.000000      0.000000      0.000000      0.000000      0.000000      0.000000  7.951768E-20
107      729.0000      293.7520      1.000000      617.0000      4135.820      7.923623      1.669994   0.005115315  -1.035740E-19  1.920179E-19     -0.5393975      0.000000      0.000000      0.000000      0.000000      0.000000      0.000000  9.069997E-20
108      729.0000      294.7520      1.000000      619.0000      4139.597      16.64831      1.672432    0.01074778   2.275517E-20  1.869651E-19      0.1217081      0.000000      0.000000      0.000000      0.000000      0.000000      0.000000  8.168396E-20
109      729.0000      295.7520      1.000000      617.0000      4134.735     0.3859488      1.669293  0.0002491600   2.202245E-20  1.755904E-19      0.1254195      0.000000      0.000000      0.000000      0.000000      0.000000      0.000000  6.938845E-20
110      729.0000      296.7520      1.000000      618.0000      4138.137      6.045276      1.671489   0.003902696  -3.670981E-20  1.944398E-19     -0.1887978      0.000000      0.000000      0.000000      0.000000      0.000000      0.000000  6.705375E-20
111      729.0000      297.7520      1.000000      616.0000      4132.738     0.4098339      1.668004  0.0002645797  -3.709573E-20  1.847079E-19     -0.2008345      0.000000      0.000000      0.000000      0.000000      0.000000      0.000000  8.720287E-20
112      729.0000      298.7520      1.000000      618.0000      4137.853      6.446475      1.671306   0.004161701  -2.737156E-19  2.031574E-19      -1.347308      0.000000      0.000000      0.000000      0.000000      0.000000      0.000000  8.634119E-20
113      729.0000      299.7520      1.000000      619.0000      4138.554      6.485355      1.671758   0.004186802  -1.563636E-19  1.961715E-19     -0.7970760      0.000000      0.000000      0.000000      0.000000      0.000000      0.000000  8.727677E-20
114      729.0000      300.7520      1.000000      621.0000      4144.009      10.96517      1.675280   0.007078868  -1.357556E-19  1.849099E-19     -0.7341718      0.000000      0.000000      0.000000      0.000000      0.000000      0.000000  7.833648E-20
115      729.0000      301.7520      1.000000      620.0000      4141.623      6.099266      1.673740   0.003937550  -2.059247E-19  1.966551E-19      -1.047137      0.000000      0.000000      0.000000      0.000000      0.000000      0.000000  7.634057E-20
116      729.0000      302.7520      1.000000      619.0000      4139.249      8.647441      1.672207   0.005582596  -1.705775E-19  1.983336E-19     -0.8600535      0.000000      0.000000      0.000000      0.000000      0.000000      0.000000  8.268689E-20
117      729.0000      303.7520      1.000000      619.0000      4138.528      4.699078      1.671742   0.003033620  -5.113002E-20  1.809434E-19     -0.2825746      0.000000      0.000000      0.000000      0.000000      0.000000      0.000000  7.680688E-20
118      729.0000      304.7520      1.000000      618.0000      4136.460      6.953910      1.670407   0.004489290  -2.275109E-20  1.936325E-19     -0.1174963      0.000000      0.000000      0.000000      0.000000      0.000000      0.000000  6.976610E-20
119      729.0000      305.7520      1.000000      616.0000      4133.493      3.814928      1.668491   0.002462833  -3.716795E-19  1.902160E-19      -1.953986      0.000000      0.000000      0.000000      0.000000      0.000000      0.000000  8.770760E-20
120      729.0000      306.7520      1.000000      617.0000      4134.333      5.731569      1.669034   0.003700174  -2.854733E-19  1.929760E-19      -1.479320      0.000000      0.000000      0.000000      0.000000      0.000000      0.000000  7.747932E-20
121      729.0000      307.7520      1.000000      617.0000      4134.821      7.267665      1.669349   0.004691843  -1.163425E-19  2.055683E-19     -0.5659551      0.000000      0.000000      0.000000      0.000000      0.000000      0.000000  9.995176E-20
122      729.0000      308.7520      1.000000      618.0000      4137.494      5.720994      1.671074   0.003693347  -1.301675E-19  1.926227E-19     -0.6757644      0.000000      0.000000      0.000000      0.000000      0.000000      0.000000  8.522718E-20
123      729.0000      309.7520      1.000000      619.0000      4139.004      3.395193      1.672049   0.002191861  -1.432903E-19  1.867701E-19     -0.7672013      0.000000      0.000000      0.000000      0.000000      0.000000      0.000000  9.468512E-20
124      729.0000      310.7520      1.000000      619.0000      4139.111      3.312926      1.672118   0.002138751  -3.298206E-19  1.825623E-19      -1.806619      0.000000      0.000000      0.000000      0.000000      0.000000      0.000000  8.467478E-20
125      729.0000      311.7520      1.000000      618.0000      4137.743      6.216449      1.671235   0.004013201  -2.690473E-19  1.934619E-19      -1.390699      0.000000      0.000000      0.000000      0.000000      0.000000      0.000000  8.268745E-20
126      729.0000      312.7520      1.000000      618.0000      4137.234      5.137634      1.670907   0.003316743  -1.436247E-19  1.924673E-19     -0.7462290      0.000000      0.000000      0.000000      0.000000      0.000000      0.000000  9.401684E-20
127      729.0000      313.7520      1.000000      619.0000      4138.993      8.019486      1.672042   0.005177202  -1.242846E-19  2.077920E-19     -0.5981203      0.000000      0.000000      0.000000      0.000000      0.000000      0.000000  9.906952E-20
128      729.0000      314.7520      1.000000      618.0000      4137.029      4.949510      1.670774   0.003195293  -1.833586E-19  1.743614E-19      -1.051601      0.000000      0.000000      0.000000      0.000000      0.000000      0.000000  7.044024E-20
129      729.0000      315.7520      1.000000      619.0000      4140.343      8.381711      1.672914   0.005411047  -1.832795E-19  1.968427E-19     -0.9310963      0.000000      0.000000      0.000000      0.000000      0.000000      0.000000  7.544782E-20
130      729.0000      316.7520      1.000000      619.0000      4140.042      3.706690      1.672719   0.002392957  -2.470565E-19  1.976184E-19      -1.250169      0.000000      0.000000      0.000000      0.000000      0.000000      0.000000  8.536268E-20
131      729.0000      317.7520      1.000000      618.0000      4138.130      4.651719      1.671485   0.003003046  -2.794206E-19  1.939246E-19      -1.440872      0.000000      0.000000      0.000000      0.000000      0.000000      0.000000  8.121563E-20
132      729.0000      318.7520      1.000000      619.0000      4138.503     0.5809407      1.671726  0.0003750424  -1.890024E-19  1.946783E-19     -0.9708448      0.000000      0.000000      0.000000      0.000000      0.000000      0.000000  7.852549E-20
133      729.0000      319.7520      1.000000      618.0000      4137.965      11.91627      1.671379   0.007692876  -3.336879E-20  1.971377E-19     -0.1692664      0.000000      0.000000      0.000000      0.000000      0.000000      0.000000  7.010798E-20
134      729.0000      320.7520      1.000000      617.0000      4135.573      1.045242      1.669834  0.0006747852  -1.580678E-19  1.891652E-19     -0.8356072      0.000000      0.000000      0.000000      0.000000      0.000000      0.000000  8.894344E-20
135      729.0000      321.7520      1.000000      618.0000      4138.291      3.555593      1.671589   0.002295412  -3.471512E-19  1.865816E-19      -1.860586      0.000000      0.000000      0.000000      0.000000      0.000000      0.000000  7.990306E-20
136      729.0000      322.7520      1.000000      618.0000      4136.402      5.254672      1.670369   0.003392299  -2.307805E-19  1.981229E-19      -1.164835      0.000000      0.000000      0.000000      0.000000      0.000000      0.000000  8.691577E-20
137      729.0000      323.7520      1.000000      619.0000      4140.146      3.786772      1.672787   0.002444656  -2.011411E-19  1.859316E-19      -1.081801      0.000000      0.000000      0.000000      0.000000      0.000000      0.000000  9.464829E-20
138      729.0000      324.7520      1.000000      616.0000      4132.157      7.811207      1.667629   0.005042742  -2.523397E-19  1.977051E-19      -1.276344      0.000000      0.000000      0.000000      0.000000      0.000000      0.000000  1.007400E-19
139      729.0000      325.7520      1.000000      616.0000      4132.622      8.957463      1.667929   0.005782739  -1.546450E-19  1.852109E-19     -0.8349673      0.000000      0.000000      0.000000      0.000000      0.000000      0.000000  9.204659E-20
140      729.0000      326.7520      1.000000      619.0000      4140.490      11.67649      1.673008   0.007538084  -1.405234E-19  2.101126E-19     -0.6688005      0.000000      0.000000      0.000000      0.000000      0.000000      0.000000  1.011326E-19
141      729.0000      327.7520      1.000000      618.0000      4137.109      5.035674      1.670826   0.003250919  -1.423174E-19  1.876296E-19     -0.7585018      0.000000      0.000000      0.000000      0.000000      0.000000      0.000000  8.821705E-20
