  1      729.0000      187.7520      1.000000      193.0000      3249.204      1.464232      1.672768   0.001204465   4.270892E-20  8.326749E-19     0.05129123      0.000000      0.000000      0.000000      0.000000      0.000000      0.000000  3.570072E-19
  2      729.0000      188.7520      1.000000      190.0000      3243.423      5.991774      1.668012   0.004928783  -2.675675E-19  8.886955E-19     -0.3010789      0.000000      0.000000      0.000000      0.000000      0.000000      0.000000  4.133684E-19
  3      729.0000      189.7520      1.000000      192.0000      3247.120      14.14096      1.671053    0.01163224  -2.469802E-19  9.262614E-19     -0.2666420      0.000000      0.000000      0.000000      0.000000      0.000000      0.000000  3.654388E-19
  4      729.0000      190.7520      1.000000      191.0000      3246.340      10.87055      1.670412   0.008942025   8.981121E-20  8.895305E-19      0.1009647      0.000000      0.000000      0.000000      0.000000      0.000000      0.000000  4.055471E-19
  5      729.0000      191.7520      1.000000      191.0000      3246.919      8.639510      1.670888   0.007106789  -3.458654E-19  8.187480E-19     -0.4224321      0.000000      0.000000      0.000000      0.000000      0.000000      0.000000  3.747126E-19
  6      729.0000      192.7520      1.000000      192.0000      3248.568      4.963977      1.672245   0.004083326  -1.775252E-18  9.385526E-19      -1.891479      0.000000      0.000000      0.000000      0.000000      0.000000      0.000000  5.296442E-19
  7      729.0000      193.7520      1.000000      192.0000      3248.284      10.13585      1.672011   0.008337667  -9.296321E-19  8.851632E-19      -1.050238      0.000000      0.000000      0.000000      0.000000      0.000000      0.000000  4.391954E-19
  8      729.0000      194.7520      1.000000      193.0000      3248.982      12.11230      1.672585   0.009963478  -1.081616E-18  9.063284E-19      -1.193404      0.000000      0.000000      0.000000      0.000000      0.000000      0.000000  4.354768E-19
  9      729.0000      195.7520      1.000000      197.0000      3257.286     0.4032568      1.679416  0.0003317157  -7.093274E-19  8.871027E-19     -0.7996000      0.000000      0.000000      0.000000      0.000000      0.000000      0.000000  4.339369E-19
 10      729.0000      196.7520      1.000000      203.0000      3269.215     0.4463027      1.689229  0.0003671249  -6.711800E-19  9.597043E-19     -0.6993613      0.000000      0.000000      0.000000      0.000000      0.000000      0.000000  4.146360E-19
 11      729.0000      197.7520      1.000000      191.0000      3246.342      6.590847      1.670414   0.005421576  -1.036007E-18  9.178934E-19      -1.128679      0.000000      0.000000      0.000000      0.000000      0.000000      0.000000  4.674413E-19
 12      729.0000      198.7520      1.000000      191.0000      3246.017      5.664665      1.670147   0.004659706  -1.595980E-18  9.689630E-19      -1.647101      0.000000      0.000000      0.000000      0.000000      0.000000      0.000000  4.348913E-19
 13      729.0000      199.7520      1.000000      191.0000      3246.808      4.894439      1.670797   0.004026125  -1.804613E-18  9.366242E-19      -1.926721      0.000000      0.000000      0.000000      0.000000      0.000000      0.000000  4.301802E-19
 14      729.0000      200.7520      1.000000      192.0000      3247.209      7.074141      1.671127   0.005819129  -1.284191E-18  9.625130E-19      -1.334206      0.000000      0.000000      0.000000      0.000000      0.000000      0.000000  4.752587E-19
 15      729.0000      201.7520      1.000000      192.0000      3248.723      7.848034      1.672373   0.006455727  -4.183170E-19  9.469324E-19     -0.4417602      0.000000      0.000000      0.000000      0.000000      0.000000      0.000000  4.300631E-19
 16      729.0000      202.7520      1.000000      193.0000      3249.526      5.829348      1.673033   0.004795173  -1.598596E-18  8.707407E-19      -1.835904      0.000000      0.000000      0.000000      0.000000      0.000000      0.000000  4.291026E-19
 17      729.0000      203.7520      1.000000      193.0000      3248.976      3.984310      1.672581   0.003277460  -1.875165E-18  9.020719E-19      -2.078731      0.000000      0.000000      0.000000      0.000000      0.000000      0.000000  4.129699E-19
 18      729.0000      204.7520      1.000000      192.0000      3248.656      3.966483      1.672317   0.003262796  -2.604862E-18  9.225918E-19      -2.823418      0.000000      0.000000      0.000000      0.000000      0.000000      0.000000  4.732292E-19
 19      729.0000      205.7520      1.000000      192.0000      3248.444      5.076820      1.672143   0.004176150  -9.686671E-19  1.040120E-18     -0.9313031      0.000000      0.000000      0.000000      0.000000      0.000000      0.000000  5.209564E-19
 20      729.0000      206.7520      1.000000      194.0000      3252.765      6.220934      1.675697   0.005117288  -6.621812E-19  8.427057E-19     -0.7857798      0.000000      0.000000      0.000000      0.000000      0.000000      0.000000  3.803726E-19
 21      729.0000      207.7520      1.000000      193.0000      3249.654      4.267114      1.673138   0.003510092  -4.323196E-19  9.284544E-19     -0.4656337      0.000000      0.000000      0.000000      0.000000      0.000000      0.000000  3.698164E-19
 22      729.0000      208.7520      1.000000      191.0000      3245.021      4.657149      1.669327   0.003830932  -1.384203E-18  9.375659E-19      -1.476379      0.000000      0.000000      0.000000      0.000000      0.000000      0.000000  4.790098E-19
 23      729.0000      209.7520      1.000000      193.0000      3249.879      12.41882      1.673324    0.01021561   1.702163E-19  9.772180E-19      0.1741846      0.000000      0.000000      0.000000      0.000000      0.000000      0.000000  3.880217E-19
 24      729.0000      210.7520      1.000000      191.0000      3246.583      6.341271      1.670612   0.005216277  -7.331780E-19  9.302916E-19     -0.7881163      0.000000      0.000000      0.000000      0.000000      0.000000      0.000000  3.859953E-19
 25      729.0000      211.7520      1.000000      189.0000      3241.364      4.421097      1.666319   0.003636757  -9.752282E-19  8.667126E-19      -1.125204      0.000000      0.000000      0.000000      0.000000      0.000000      0.000000  4.446232E-19
 26      729.0000      212.7520      1.000000      191.0000      3245.922      5.438565      1.670068   0.004473718  -9.565617E-19  8.627443E-19      -1.108743      0.000000      0.000000      0.000000      0.000000      0.000000      0.000000  3.028331E-19
 27      729.0000      213.7520      1.000000      191.0000      3246.562      5.902323      1.670595   0.004855202  -1.000520E-18  9.355661E-19      -1.069427      0.000000      0.000000      0.000000      0.000000      0.000000      0.000000  4.212100E-19
 28      729.0000      214.7520      1.000000      191.0000      3246.793      9.864667      1.670785   0.008114592   4.688014E-20  9.459913E-19     0.04955663      0.000000      0.000000      0.000000      0.000000      0.000000      0.000000  4.504403E-19
 29      729.0000      215.7520      1.000000      190.0000      3244.778      3.787421      1.669127   0.003115501  -1.327957E-18  8.972639E-19      -1.480007      0.000000      0.000000      0.000000      0.000000      0.000000      0.000000  4.207075E-19
 30      729.0000      216.7520      1.000000      190.0000      3243.866      7.751382      1.668377   0.006376222  -9.422035E-19  9.439348E-19     -0.9981659      0.000000      0.000000      0.000000      0.000000      0.000000      0.000000  4.897180E-19
 31      729.0000      217.7520      1.000000      195.0000      3253.254      8.783817      1.676100   0.007225494  -8.761653E-19  8.713196E-19      -1.005561      0.000000      0.000000      0.000000      0.000000      0.000000      0.000000  4.153613E-19
 32      729.0000      218.7520      1.000000      191.0000      3246.240      4.957036      1.670329   0.004077616  -1.486371E-18  8.780023E-19      -1.692901      0.000000      0.000000      0.000000      0.000000      0.000000      0.000000  4.122195E-19
 33      729.0000      219.7520      1.000000      192.0000      3247.062      1.253383      1.671006   0.001031023  -2.288435E-18  8.782223E-19      -2.605759      0.000000      0.000000      0.000000      0.000000      0.000000      0.000000  3.577060E-19
 34      729.0000      220.7520      1.000000      192.0000      3248.448      5.698828      1.672146   0.004687808  -1.357853E-18  9.739779E-19      -1.394131      0.000000      0.000000      0.000000      0.000000      0.000000      0.000000  4.979549E-19
 35      729.0000      221.7520      1.000000      193.0000      3249.447      4.062598      1.672968   0.003341859  -1.847912E-18  9.133344E-19      -2.023259      0.000000      0.000000      0.000000      0.000000      0.000000      0.000000  4.496541E-19
 36      729.0000      222.7520      1.000000      192.0000      3247.166      7.447073      1.671091   0.006125899  -8.297110E-19  9.141572E-19     -0.9076240      0.000000      0.000000      0.000000      0.000000      0.000000      0.000000  3.956995E-19
 37      729.0000      223.7520      1.000000      190.0000      3244.704      6.220029      1.669066   0.005116544  -2.831221E-19  9.262976E-19     -0.3056492      0.000000      0.000000      0.000000      0.000000      0.000000      0.000000  4.359270E-19
 38      729.0000      224.7520      1.000000      190.0000      3244.773      5.804357      1.669123   0.004774615  -1.218115E-18  9.359930E-19      -1.301414      0.000000      0.000000      0.000000      0.000000      0.000000      0.000000  4.400572E-19
 39      729.0000      225.7520      1.000000      192.0000      3247.128      9.015734      1.671060   0.007416267  -8.090324E-19  8.617365E-19     -0.9388397      0.000000      0.000000      0.000000      0.000000      0.000000      0.000000  4.549369E-19
 40      729.0000      226.7520      1.000000      190.0000      3244.593      9.642817      1.668975   0.007932100  -5.871434E-19  8.979402E-19     -0.6538781      0.000000      0.000000      0.000000      0.000000      0.000000      0.000000  3.885761E-19
 41      729.0000      227.7520      1.000000      191.0000      3245.881      9.638965      1.670034   0.007928932  -7.653545E-19  9.069658E-19     -0.8438625      0.000000      0.000000      0.000000      0.000000      0.000000      0.000000  4.329934E-19
 42      729.0000      228.7520      1.000000      195.0000      3252.913     0.4040671      1.675819  0.0003323822   4.981234E-20  9.757341E-19     0.05105114      0.000000      0.000000      0.000000      0.000000      0.000000      0.000000  5.549051E-19
 43      729.0000      229.7520      1.000000      191.0000      3246.310      6.629094      1.670387   0.005453037  -6.670728E-19  9.332855E-19     -0.7147575      0.000000      0.000000      0.000000      0.000000      0.000000      0.000000  4.536402E-19
 44      729.0000      230.7520      1.000000      193.0000      3250.500     0.5397914      1.673834  0.0004440279  -1.343483E-19  1.011232E-18     -0.1328561      0.000000      0.000000      0.000000      0.000000      0.000000      0.000000  4.565947E-19
 45      729.0000      231.7520      1.000000      188.0000      3240.280      1.394064      1.665427   0.001146745  -1.664520E-19  8.940130E-19     -0.1861852      0.000000      0.000000      0.000000      0.000000      0.000000      0.000000  4.224526E-19
 46      729.0000      232.7520      1.000000      191.0000      3246.557      3.220185      1.670590   0.002648897   1.010596E-18  9.667009E-19       1.045407      0.000000      0.000000      0.000000      0.000000      0.000000      0.000000  3.699216E-19
 47      729.0000      233.7520      1.000000      190.0000      3244.979      4.766008      1.669292   0.003920478   1.242414E-18  9.413869E-19       1.319770      0.000000      0.000000      0.000000      0.000000      0.000000      0.000000  4.731317E-19
 48      729.0000      234.7520      1.000000      190.0000      3243.164      3.956653      1.667799   0.003254710   1.606747E-18  9.821975E-19       1.635870      0.000000      0.000000      0.000000      0.000000      0.000000      0.000000  4.549775E-19
 49      729.0000      235.7520      1.000000      190.0000      3243.933      3.270077      1.668432   0.002689938   1.503652E-18  9.456013E-19       1.590155      0.000000      0.000000      0.000000      0.000000      0.000000      0.000000  4.501596E-19
 50      729.0000      236.7520      1.000000      190.0000      3244.077      7.474836      1.668551   0.006148737   2.943087E-19  9.299232E-19      0.3164871      0.000000      0.000000      0.000000      0.000000      0.000000      0.000000  5.104319E-19
 51      729.0000      237.7520      1.000000      190.0000      3244.730      3.502192      1.669087   0.002880873   1.647694E-18  8.627673E-19       1.909778      0.000000      0.000000      0.000000      0.000000      0.000000      0.000000  4.105688E-19
 52      729.0000      238.7520      1.000000      191.0000      3245.072      3.122288      1.669369   0.002568368   1.920273E-18  9.771118E-19       1.965254      0.000000      0.000000      0.000000      0.000000      0.000000      0.000000  4.829748E-19
 53      729.0000      239.7520      1.000000      189.0000      3242.714      5.022988      1.667429   0.004131868   1.543129E-18  8.897469E-19       1.734346      0.000000      0.000000      0.000000      0.000000      0.000000      0.000000  3.888674E-19
 54      729.0000      240.7520      1.000000      188.0000      3240.532      3.212373      1.665635   0.002642471   1.551391E-18  8.450745E-19       1.835804      0.000000      0.000000      0.000000      0.000000      0.000000      0.000000  5.229919E-19
 55      729.0000      241.7520      1.000000      188.0000      3240.611      7.167168      1.665700   0.005895652   1.295481E-18  9.337358E-19       1.387417      0.000000      0.000000      0.000000      0.000000      0.000000      0.000000  3.310037E-19
 56      729.0000      242.7520      1.000000      191.0000      3246.541      4.061198      1.670577   0.003340707   1.932168E-18  9.452594E-19       2.044061      1.140185     0.5633444      3244.401      6.072396      19.58131      34.65683  3.675172E-19
 57      729.0000      243.7520      1.000000      191.0000      3246.840      2.109539      1.670824   0.001735289   2.409856E-18  7.890410E-19       3.054158      1.421940     0.4758380      3244.720      3.784000      15.71883      12.71296  3.703175E-19
 58      729.0000      244.7520      1.000000      190.0000      3244.344      3.851403      1.668770   0.003168132   1.968686E-18  9.420915E-19       2.089697      1.162521     0.5620848      3242.817      2.365317      10.60339      7.160105  4.340241E-19
 59      729.0000      245.7520      1.000000      190.0000      3244.176      3.115804      1.668632   0.002563034   2.375602E-18  9.423544E-19       2.520922      1.402880     0.5648811      3242.600      2.184148      8.530429      8.462077  4.353892E-19
 60      729.0000      246.7520      1.000000      191.0000      3245.962      1.773301      1.670101   0.001458703   2.974695E-18  9.246619E-19       3.217062      1.755699     0.5590780      3243.932      1.751123      11.10530      7.780238  4.614383E-19
 61      729.0000      247.7520      1.000000      190.0000      3244.677      2.704182      1.669044   0.002224437   2.845842E-18  1.040938E-18       2.733921      1.680314     0.6254964      3243.246      1.423538      9.327123      3.917633  4.630653E-19
 62      729.0000      248.7520      1.000000      189.0000      3242.053      3.674234      1.666886   0.003022394   2.659256E-18  9.565166E-19       2.780146      1.571416     0.5755711      3244.091      1.109482      9.044258      2.227835  4.877802E-19
 63      729.0000      249.7520      1.000000      189.0000      3241.576      3.182447      1.666493   0.002617854   2.631984E-18  8.868404E-19       2.967821      1.555529     0.5350480      3243.616      1.496640      9.093870      4.003407  3.935925E-19
 64      729.0000      250.7520      1.000000      190.0000      3244.178      1.973405      1.668634   0.001623306   3.822624E-18  8.370132E-19       4.566982      2.257397     0.5183332      3244.184     0.7232159      8.634377      1.572097  3.687032E-19
 65      729.0000      251.7520      1.000000      191.0000      3245.013      1.651670      1.669321   0.001358650   4.805894E-18  9.227681E-19       5.208128      2.837324     0.5790182      3244.226     0.7217827      9.182549      2.735647  4.340639E-19
 66      729.0000      252.7520      1.000000      191.0000      3245.095      1.335897      1.669388   0.001098898   5.119923E-18  8.979115E-19       5.702036      3.022645     0.5697920      3243.655     0.7225199      10.61983      1.874094  3.683688E-19
 67      729.0000      253.7520      1.000000      191.0000      3245.148      1.559037      1.669431   0.001282451   4.850563E-18  8.973199E-19       5.405612      2.863577     0.5655171      3244.197     0.7114210      9.879265      2.670071  4.279883E-19
 68      729.0000      254.7520      1.000000      191.0000      3246.026      1.032235      1.670154  0.0008491077   5.630896E-18  9.549360E-19       5.896622      3.323355     0.6086254      3244.971      1.024484      13.18741      2.614374  4.244585E-19
 69      729.0000      255.7520      1.000000      191.0000      3246.086      1.327597      1.670203   0.001092070   4.955966E-18  9.334386E-19       5.309365      2.924956     0.5868372      3245.655     0.7226614      10.48202      1.443469  4.479686E-19
 70      729.0000      256.7520      1.000000      192.0000      3247.680      1.624027      1.671514   0.001335911   5.631764E-18  9.431807E-19       5.971035      3.322174     0.6019132      3246.382     0.8612596      11.95086      2.255394  4.803262E-19
 71      729.0000      257.7520      1.000000      191.0000      3246.829      1.476322      1.670814   0.001214410   6.714884E-18  9.720634E-19       6.907866      3.962145     0.6356078      3246.046      1.039053      13.00378      2.554839  3.304269E-19
 72      729.0000      258.7520      1.000000      192.0000      3248.590      1.550288      1.672263   0.001275254   6.291039E-18  1.007915E-18       6.241634      3.710040     0.6473687      3247.316      1.001312      14.44637      2.163514  4.860514E-19
 73      729.0000      259.7520      1.000000      192.0000      3248.165      1.472863      1.671913   0.001211565   5.169681E-18  9.979601E-19       5.180249      3.049136     0.6252086      3246.973      1.014525      12.91938      2.491347  4.418676E-19
 74      729.0000      260.7520      1.000000      193.0000      3249.980      1.652267      1.673407   0.001359141   4.258964E-18  9.129552E-19       4.665030      2.510582     0.5654610      3247.384      1.326332      12.97181      2.428748  4.148200E-19
 75      729.0000      261.7520      1.000000      193.0000      3248.954      1.393607      1.672562   0.001146369   4.755639E-18  9.459017E-19       5.027625      2.804249     0.5904930      3247.939      1.627259      15.18016      3.260965  4.596956E-19
 76      729.0000      262.7520      1.000000      192.0000      3248.315      1.125367      1.672037  0.0009257172   5.916014E-18  9.168095E-19       6.452828      3.489171     0.5920743      3247.396      1.262808      17.03233      2.569980  4.702504E-19
 77      729.0000      263.7520      1.000000      192.0000      3247.988      1.347173      1.671767   0.001108173   5.648054E-18  9.584316E-19       5.893017      3.331468     0.6104313      3248.469      1.605821      17.11367      3.922036  4.331948E-19
 78      729.0000      264.7520      1.000000      192.0000      3248.822      1.215631      1.672454  0.0009999677   6.324342E-18  9.140873E-19       6.918750      3.729414     0.5975069      3247.920      1.226692      17.14100      2.433279  4.774658E-19
 79      729.0000      265.7520      1.000000      192.0000      3248.291      1.694311      1.672017   0.001393726   4.380101E-18  9.068654E-19       4.829936      2.583333     0.5638823      3248.438      2.110973      17.75849      5.253301  4.630403E-19
 80      729.0000      266.7520      1.000000      192.0000      3248.263      1.553832      1.671994   0.001278169   5.632057E-18  1.007033E-18       5.592724      3.321751     0.6367825      3247.687      1.704169      17.55092      4.394259  4.079731E-19
 81      729.0000      267.7520      1.000000      192.0000      3248.865      1.500816      1.672489   0.001234559   4.328644E-18  8.705626E-19       4.972238      2.552533     0.5428343      3247.593      1.387059      14.37187      2.275752  4.582499E-19
 82      729.0000      268.7520      1.000000      193.0000      3249.053      1.887519      1.672644   0.001552657   4.116318E-18  9.473676E-19       4.345006      2.427187     0.5832685      3247.937      1.795110      15.66265      6.828850  4.263802E-19
 83      729.0000      269.7520      1.000000      192.0000      3247.429      2.182030      1.671308   0.001794919   3.309096E-18  9.463605E-19       3.496655      1.952184     0.5743781      3248.244      2.072831      14.69498      5.714954  4.619925E-19
 84      729.0000      270.7520      1.000000      191.0000      3246.492      1.889377      1.670537   0.001554186   4.061888E-18  9.701525E-19       4.186855      2.396982     0.5959974      3246.949      1.675671      14.24080      3.639754  4.574547E-19
 85      729.0000      271.7520      1.000000      192.0000      3247.344      1.744248      1.671238   0.001434804   3.632935E-18  9.028052E-19       4.024052      2.143288     0.5528417      3246.664      1.524762      15.06836      4.342182  4.331672E-19
 86      729.0000      272.7520      1.000000      192.0000      3247.286      2.163480      1.671190   0.001779661   2.760844E-18  9.940949E-19       2.777244      1.628818     0.5971972      3246.949      1.334428      10.64240      2.525834  4.710421E-19
 87      729.0000      273.7520      1.000000      193.0000      3249.082      2.947045      1.672668   0.002424215   2.694626E-18  1.017213E-18       2.649030      1.588872     0.6097673      3248.864      2.446986      12.07216      4.691133  5.165684E-19
 88      729.0000      274.7520      1.000000      193.0000      3250.140      3.770307      1.673538   0.003101423   1.991079E-18  9.664248E-19       2.060252      1.173647     0.5754100      3248.524      3.068280      11.59091      7.510748  4.257136E-19
 89      729.0000      275.7520      1.000000      192.0000      3247.089      3.117117      1.671028   0.002564115   2.040711E-18  9.434650E-19       2.162996      1.204033     0.5628385      3248.868      3.748409      10.10103      9.705830  4.085899E-19
 90      729.0000      276.7520      1.000000      191.0000      3245.591      3.241769      1.669796   0.002666652   1.708908E-18  9.830611E-19       1.738354      0.000000      0.000000      0.000000      0.000000      0.000000      0.000000  5.103406E-19
 91      729.0000      277.7520      1.000000      191.0000      3246.134      2.888858      1.670243   0.002376351   1.050168E-18  9.164392E-19       1.145922      0.000000      0.000000      0.000000      0.000000      0.000000      0.000000  4.367665E-19
 92      729.0000      278.7520      1.000000      193.0000      3249.796      1.886893      1.673255   0.001552142   1.345664E-18  9.077015E-19       1.482496      0.000000      0.000000      0.000000      0.000000      0.000000      0.000000  3.372270E-19
 93      729.0000      279.7520      1.000000      193.0000      3250.041      3.747790      1.673456   0.003082900   1.423700E-18  8.867363E-19       1.605550      0.000000      0.000000      0.000000      0.000000      0.000000      0.000000  4.095757E-19
 94      729.0000      280.7520      1.000000      191.0000      3245.634     0.5545424      1.669832  0.0004561619   1.870522E-18  1.009050E-18       1.853746      0.000000      0.000000      0.000000      0.000000      0.000000      0.000000  4.457948E-19
 95      729.0000      281.7520      1.000000      192.0000      3247.008      4.299909      1.670961   0.003537069   1.286762E-18  9.026011E-19       1.425615      0.000000      0.000000      0.000000      0.000000      0.000000      0.000000  3.876690E-19
 96      729.0000      282.7520      1.000000      192.0000      3248.288      3.985681      1.672014   0.003278588   2.140807E-18  9.544271E-19       2.243029      1.262625     0.5696370      3247.614      6.345325      18.91162      18.01153  4.272618E-19
 97      729.0000      283.7520      1.000000      195.0000      3253.083     0.5762064      1.675959  0.0004739826   7.585929E-19  8.747198E-19      0.8672410      0.000000      0.000000      0.000000      0.000000      0.000000      0.000000  3.703468E-19
 98      729.0000      284.7520      1.000000      192.0000      3247.729      4.922560      1.671555   0.004049256   6.246685E-19  9.485870E-19      0.6585253      0.000000      0.000000      0.000000      0.000000      0.000000      0.000000  4.380698E-19
 99      729.0000      285.7520      1.000000      190.0000      3244.947     0.7291316      1.669266  0.0005997776   3.704928E-19  9.417735E-19      0.3933990      0.000000      0.000000      0.000000      0.000000      0.000000      0.000000  4.476091E-19
100      729.0000      286.7520      1.000000      192.0000      3247.490      7.562647      1.671358   0.006220970   2.483209E-19  9.048876E-19      0.2744218      0.000000      0.000000      0.000000      0.000000      0.000000      0.000000  4.432260E-19
101      729.0000      287.7520      1.000000      192.0000      3248.856      5.401478      1.672482   0.004443211   1.704918E-18  1.000236E-18       1.704515      0.000000      0.000000      0.000000      0.000000      0.000000      0.000000  4.802346E-19
102      729.0000      288.7520      1.000000      193.0000      3248.946      6.017272      1.672556   0.004949758   1.862636E-19  9.453261E-19      0.1970363      0.000000      0.000000      0.000000      0.000000      0.000000      0.000000  4.393888E-19
103      729.0000      289.7520      1.000000      194.0000      3250.958      7.048786      1.674211   0.005798272   9.880814E-19  9.734214E-19       1.015060      0.000000      0.000000      0.000000      0.000000      0.000000      0.000000  4.458228E-19
104      729.0000      290.7520      1.000000      191.0000      3246.175      7.142079      1.670276   0.005875014   7.503751E-19  8.691864E-19      0.8633075      0.000000      0.000000      0.000000      0.000000      0.000000      0.000000  4.245500E-19
105      729.0000      291.7520      1.000000      190.0000      3244.846      9.338123      1.669183   0.007681462   5.663856E-19  8.448796E-19      0.6703743      0.000000      0.000000      0.000000      0.000000      0.000000      0.000000  3.986638E-19
106      729.0000      292.7520      1.000000      192.0000      3248.097      11.77285      1.671858   0.009684249   8.909286E-19  9.525768E-19      0.9352827      0.000000      0.000000      0.000000      0.000000      0.000000      0.000000  4.219478E-19
107      729.0000      293.7520      1.000000      193.0000      3250.085      10.58719      1.673493   0.008708932   7.826638E-19  9.038829E-19      0.8658908      0.000000      0.000000      0.000000      0.000000      0.000000      0.000000  4.618349E-19
108      729.0000      294.7520      1.000000      191.0000      3246.003      7.128720      1.670135   0.005864025  -5.537457E-20  8.969534E-19    -0.06173629      0.000000      0.000000      0.000000      0.000000      0.000000      0.000000  3.484980E-19
109      729.0000      295.7520      1.000000      192.0000      3248.303     0.8022059      1.672027  0.0006598879   7.843366E-19  8.797896E-19      0.8915048      0.000000      0.000000      0.000000      0.000000      0.000000      0.000000  3.789390E-19
110      729.0000      296.7520      1.000000      191.0000      3245.962      1.163779      1.670101  0.0009573148   8.699526E-19  9.172965E-19      0.9483876      0.000000      0.000000      0.000000      0.000000      0.000000      0.000000  4.426030E-19
111      729.0000      297.7520      1.000000      191.0000      3246.161      11.53153      1.670265   0.009485738   4.216253E-19  9.408824E-19      0.4481169      0.000000      0.000000      0.000000      0.000000      0.000000      0.000000  4.489183E-19
112      729.0000      298.7520      1.000000      190.0000      3244.311      8.803457      1.668743   0.007241650   4.630640E-19  1.042293E-18      0.4442741      0.000000      0.000000      0.000000      0.000000      0.000000      0.000000  4.833140E-19
113      729.0000      299.7520      1.000000      194.0000      3251.495     0.6204257      1.674653  0.0005103570   8.297083E-19  8.891163E-19      0.9331831      0.000000      0.000000      0.000000      0.000000      0.000000      0.000000  4.675220E-19
114      729.0000      300.7520      1.000000      192.0000      3247.168      7.936007      1.671093   0.006528093   4.373616E-19  9.570418E-19      0.4569932      0.000000      0.000000      0.000000      0.000000      0.000000      0.000000  4.905944E-19
115      729.0000      301.7520      1.000000      192.0000      3248.504      7.441448      1.672192   0.006121273  -6.117557E-19  8.910044E-19     -0.6865911      0.000000      0.000000      0.000000      0.000000      0.000000      0.000000  3.987885E-19
116      729.0000      302.7520      1.000000      192.0000      3248.214      11.67311      1.671953   0.009602207   1.556918E-19  8.180812E-19      0.1903133      0.000000      0.000000      0.000000      0.000000      0.000000      0.000000  3.584056E-19
117      729.0000      303.7520      1.000000      194.0000      3252.520      9.336857      1.675495   0.007680420  -4.455226E-19  9.130019E-19     -0.4879756      0.000000      0.000000      0.000000      0.000000      0.000000      0.000000  3.640093E-19
118      729.0000      304.7520      1.000000      192.0000      3247.673      3.549944      1.671508   0.002920154  -7.361537E-19  9.115635E-19     -0.8075725      0.000000      0.000000      0.000000      0.000000      0.000000      0.000000  4.263940E-19
119      729.0000      305.7520      1.000000      191.0000      3245.138      15.20066      1.669424    0.01250394  -3.143993E-19  9.691463E-19     -0.3244085      0.000000      0.000000      0.000000      0.000000      0.000000      0.000000  4.733676E-19
120      729.0000      306.7520      1.000000      192.0000      3247.606      5.251442      1.671453   0.004319793  -1.602306E-19  8.846838E-19     -0.1811162      0.000000      0.000000      0.000000      0.000000      0.000000      0.000000  4.284860E-19
121      729.0000      307.7520      1.000000      192.0000      3248.085      5.031503      1.671848   0.004138872  -4.655035E-19  8.530266E-19     -0.5457080      0.000000      0.000000      0.000000      0.000000      0.000000      0.000000  3.636949E-19
122      729.0000      308.7520      1.000000      195.0000      3253.495      5.064407      1.676297   0.004165939  -9.832763E-19  9.221539E-19      -1.066282      0.000000      0.000000      0.000000      0.000000      0.000000      0.000000  4.614760E-19
123      729.0000      309.7520      1.000000      191.0000      3245.143      13.39062      1.669427    0.01101501   6.953548E-19  7.946581E-19      0.8750365      0.000000      0.000000      0.000000      0.000000      0.000000      0.000000  4.035854E-19
124      729.0000      310.7520      1.000000      193.0000      3248.990     0.9452222      1.672592  0.0007775319  -6.721194E-19  9.832837E-19     -0.6835457      0.000000      0.000000      0.000000      0.000000      0.000000      0.000000  3.905244E-19
125      729.0000      311.7520      1.000000      191.0000      3246.563      9.463124      1.670595   0.007784287   4.205215E-20  9.394065E-19     0.04476460      0.000000      0.000000      0.000000      0.000000      0.000000      0.000000  4.062537E-19
126      729.0000      312.7520      1.000000      193.0000      3249.222      10.07000      1.672783   0.008283501  -1.030230E-18  9.535727E-19      -1.080389      0.000000      0.000000      0.000000      0.000000      0.000000      0.000000  4.238907E-19
127      729.0000      313.7520      1.000000      192.0000      3248.172      5.832101      1.671919   0.004797438  -6.312111E-19  8.768940E-19     -0.7198260      0.000000      0.000000      0.000000      0.000000      0.000000      0.000000  3.765139E-19
128      729.0000      314.7520      1.000000      191.0000      3246.667      12.04097      1.670681   0.009904800   5.986077E-20  8.899201E-19     0.06726533      0.000000      0.000000      0.000000      0.000000      0.000000      0.000000  4.160274E-19
129      729.0000      315.7520      1.000000      191.0000      3246.116      10.18857      1.670228   0.008381035  -1.098905E-19  8.958083E-19     -0.1226719      0.000000      0.000000      0.000000      0.000000      0.000000      0.000000  4.130296E-19
130      729.0000      316.7520      1.000000      195.0000      3253.016      5.958613      1.675904   0.004901506  -7.145800E-19  8.844687E-19     -0.8079201      0.000000      0.000000      0.000000      0.000000      0.000000      0.000000  4.427129E-19
131      729.0000      317.7520      1.000000      188.0000      3240.661      1.016247      1.665740  0.0008359561  -9.161320E-20  8.783992E-19     -0.1042956      0.000000      0.000000      0.000000      0.000000      0.000000      0.000000  4.631741E-19
132      729.0000      318.7520      1.000000      191.0000      3245.500     0.5649205      1.669721  0.0004646989   1.614331E-19  8.924842E-19      0.1808806      0.000000      0.000000      0.000000      0.000000      0.000000      0.000000  4.179002E-19
133      729.0000      319.7520      1.000000      194.0000      3251.024      6.556102      1.674265   0.005392994  -9.551423E-19  8.443883E-19      -1.131165      0.000000      0.000000      0.000000      0.000000      0.000000      0.000000  3.358338E-19
134      729.0000      320.7520      1.000000      191.0000      3246.139      4.826558      1.670247   0.003970286   4.951146E-19  8.772783E-19      0.5643757      0.000000      0.000000      0.000000      0.000000      0.000000      0.000000  3.820997E-19
135      729.0000      321.7520      1.000000      195.0000      3253.748      7.035094      1.676506   0.005787010  -9.690130E-19  8.854687E-19      -1.094350      0.000000      0.000000      0.000000      0.000000      0.000000      0.000000  4.164106E-19
136      729.0000      322.7520      1.000000      192.0000      3248.421      1.151116      1.672124  0.0009468985   2.730783E-19  8.809167E-19      0.3099933      0.000000      0.000000      0.000000      0.000000      0.000000      0.000000  4.192734E-19
137      729.0000      323.7520      1.000000      192.0000      3248.132      5.927488      1.671886   0.004875902   4.409705E-19  9.273460E-19      0.4755188      0.000000      0.000000      0.000000      0.000000      0.000000      0.000000  4.284237E-19
138      729.0000      324.7520      1.000000      194.0000      3251.330      7.738910      1.674517   0.006365962  -7.317007E-19  8.822162E-19     -0.8293893      0.000000      0.000000      0.000000      0.000000      0.000000      0.000000  4.244882E-19
139      729.0000      325.7520      1.000000      193.0000      3249.740      4.364929      1.673208   0.003590554  -1.605834E-18  8.349775E-19      -1.923206      0.000000      0.000000      0.000000      0.000000      0.000000      0.000000  3.829424E-19
140      729.0000      326.7520      1.000000      190.0000      3244.730      8.576258      1.669088   0.007054758  -9.663400E-19  8.972032E-19      -1.077058      0.000000      0.000000      0.000000      0.000000      0.000000      0.000000  4.126623E-19
141      729.0000      327.7520      1.000000      190.0000      3244.804      5.712248      1.669149   0.004698847  -1.559129E-18  9.249216E-19      -1.685688      0.000000      0.000000      0.000000      0.000000      0.000000      0.000000  4.518077E-19
