 AP       XCENTER       YCENTER        APSIZE       PIXPEAK          WAVE       WAVEERR             Z          ZERR         SIGNAL         NOISE          RATIO      BBEWREST   BBEWRESTERR       WAVEFIT    WAVEFITERR          FWHM       FWHMERR          FLIM
--- ------------- ------------- ------------- ------------- ------------- ------------- ------------- ------------- -------------- ------------- -------------- ------------- ------------- ------------- ------------- ------------- ------------- -------------
  1      729.0000      187.7520      1.000000      0.000000      0.000000      0.000000      0.000000      0.000000   1.962623E-19  2.680021E-19      0.7323165      0.000000      0.000000      0.000000      0.000000      0.000000      0.000000  1.099619E-19
  2      729.0000      188.7520      1.000000      0.000000      0.000000      0.000000      0.000000      0.000000   2.283151E-19  2.776407E-19      0.8223403      0.000000      0.000000      0.000000      0.000000      0.000000      0.000000  9.545181E-20
  3      729.0000      189.7520      1.000000      0.000000      0.000000      0.000000      0.000000      0.000000   9.727571E-20  2.707881E-19      0.3592319      0.000000      0.000000      0.000000      0.000000      0.000000      0.000000  1.071805E-19
  4      729.0000      190.7520      1.000000      0.000000      0.000000      0.000000      0.000000      0.000000   2.021813E-19  2.521828E-19      0.8017252      0.000000      0.000000      0.000000      0.000000      0.000000      0.000000  8.225576E-20
  5      729.0000      191.7520      1.000000      0.000000      0.000000      0.000000      0.000000      0.000000   5.785771E-20  2.614285E-19      0.2213137      0.000000      0.000000      0.000000      0.000000      0.000000      0.000000  1.225435E-19
  6      729.0000      192.7520      1.000000      0.000000      0.000000      0.000000      0.000000      0.000000  -8.610894E-20  2.771212E-19     -0.3107267      0.000000      0.000000      0.000000      0.000000      0.000000      0.000000  1.253286E-19
  7      729.0000      193.7520      1.000000      0.000000      0.000000      0.000000      0.000000      0.000000   8.233543E-20  2.544191E-19      0.3236213      0.000000      0.000000      0.000000      0.000000      0.000000      0.000000  9.203648E-20
  8      729.0000      194.7520      1.000000      0.000000      0.000000      0.000000      0.000000      0.000000   8.782115E-20  2.749072E-19      0.3194574      0.000000      0.000000      0.000000      0.000000      0.000000      0.000000  1.145875E-19
  9      729.0000      195.7520      1.000000      0.000000      0.000000      0.000000      0.000000      0.000000  -2.606838E-19  2.843988E-19     -0.9166137      0.000000      0.000000      0.000000      0.000000      0.000000      0.000000  1.208951E-19
 10      729.0000      196.7520      1.000000      0.000000      0.000000      0.000000      0.000000      0.000000  -7.433185E-20  2.722600E-19     -0.2730179      0.000000      0.000000      0.000000      0.000000      0.000000      0.000000  1.258891E-19
 11      729.0000      197.7520      1.000000      0.000000      0.000000      0.000000      0.000000      0.000000  -7.252627E-20  2.782178E-19     -0.2606817      0.000000      0.000000      0.000000      0.000000      0.000000      0.000000  1.284596E-19
 12      729.0000      198.7520      1.000000      0.000000      0.000000      0.000000      0.000000      0.000000  -9.550998E-20  2.727751E-19     -0.3501419      0.000000      0.000000      0.000000      0.000000      0.000000      0.000000  1.182881E-19
 13      729.0000      199.7520      1.000000      0.000000      0.000000      0.000000      0.000000      0.000000  -6.286240E-21  2.919382E-19    -0.02153278      0.000000      0.000000      0.000000      0.000000      0.000000      0.000000  1.064819E-19
 14      729.0000      200.7520      1.000000      0.000000      0.000000      0.000000      0.000000      0.000000   4.912050E-20  2.858396E-19      0.1718464      0.000000      0.000000      0.000000      0.000000      0.000000      0.000000  1.235848E-19
 15      729.0000      201.7520      1.000000      0.000000      0.000000      0.000000      0.000000      0.000000   4.029131E-20  2.706183E-19      0.1488862      0.000000      0.000000      0.000000      0.000000      0.000000      0.000000  1.040056E-19
 16      729.0000      202.7520      1.000000      0.000000      0.000000      0.000000      0.000000      0.000000  -1.303456E-20  2.826349E-19    -0.04611800      0.000000      0.000000      0.000000      0.000000      0.000000      0.000000  1.148907E-19
 17      729.0000      203.7520      1.000000      0.000000      0.000000      0.000000      0.000000      0.000000   2.603802E-20  2.744898E-19     0.09485967      0.000000      0.000000      0.000000      0.000000      0.000000      0.000000  8.392825E-20
 18      729.0000      204.7520      1.000000      0.000000      0.000000      0.000000      0.000000      0.000000  -1.001486E-19  2.745865E-19     -0.3647251      0.000000      0.000000      0.000000      0.000000      0.000000      0.000000  1.105376E-19
 19      729.0000      205.7520      1.000000      0.000000      0.000000      0.000000      0.000000      0.000000   4.581127E-19  2.819699E-19       1.624687      0.000000      0.000000      0.000000      0.000000      0.000000      0.000000  9.764889E-20
 20      729.0000      206.7520      1.000000      0.000000      0.000000      0.000000      0.000000      0.000000  -7.458316E-20  2.784575E-19     -0.2678440      0.000000      0.000000      0.000000      0.000000      0.000000      0.000000  1.251480E-19
 21      729.0000      207.7520      1.000000      0.000000      0.000000      0.000000      0.000000      0.000000  -2.511839E-19  2.815820E-19     -0.8920451      0.000000      0.000000      0.000000      0.000000      0.000000      0.000000  1.325421E-19
 22      729.0000      208.7520      1.000000      0.000000      0.000000      0.000000      0.000000      0.000000  -1.278676E-19  2.660064E-19     -0.4806938      0.000000      0.000000      0.000000      0.000000      0.000000      0.000000  1.081447E-19
 23      729.0000      209.7520      1.000000      0.000000      0.000000      0.000000      0.000000      0.000000  -1.372874E-19  2.826594E-19     -0.4856991      0.000000      0.000000      0.000000      0.000000      0.000000      0.000000  9.271878E-20
 24      729.0000      210.7520      1.000000      0.000000      0.000000      0.000000      0.000000      0.000000   1.136679E-19  2.813166E-19      0.4040567      0.000000      0.000000      0.000000      0.000000      0.000000      0.000000  1.200047E-19
 25      729.0000      211.7520      1.000000      0.000000      0.000000      0.000000      0.000000      0.000000   1.280389E-19  2.807639E-19      0.4560377      0.000000      0.000000      0.000000      0.000000      0.000000      0.000000  1.158153E-19
 26      729.0000      212.7520      1.000000      0.000000      0.000000      0.000000      0.000000      0.000000  -1.781506E-20  2.627402E-19    -0.06780484      0.000000      0.000000      0.000000      0.000000      0.000000      0.000000  9.297658E-20
 27      729.0000      213.7520      1.000000      0.000000      0.000000      0.000000      0.000000      0.000000  -9.181150E-21  2.659939E-19    -0.03451640      0.000000      0.000000      0.000000      0.000000      0.000000      0.000000  9.718781E-20
 28      729.0000      214.7520      1.000000      0.000000      0.000000      0.000000      0.000000      0.000000   2.408294E-20  2.791876E-19     0.08626076      0.000000      0.000000      0.000000      0.000000      0.000000      0.000000  1.189584E-19
 29      729.0000      215.7520      1.000000      0.000000      0.000000      0.000000      0.000000      0.000000   2.040705E-23  2.693160E-19   7.577362E-05      0.000000      0.000000      0.000000      0.000000      0.000000      0.000000  9.068036E-20
 30      729.0000      216.7520      1.000000      0.000000      0.000000      0.000000      0.000000      0.000000  -2.846323E-19  2.798605E-19      -1.017051      0.000000      0.000000      0.000000      0.000000      0.000000      0.000000  1.163663E-19
 31      729.0000      217.7520      1.000000      0.000000      0.000000      0.000000      0.000000      0.000000  -8.460943E-20  2.642263E-19     -0.3202158      0.000000      0.000000      0.000000      0.000000      0.000000      0.000000  1.063036E-19
 32      729.0000      218.7520      1.000000      0.000000      0.000000      0.000000      0.000000      0.000000  -1.173926E-20  2.570995E-19    -0.04566040      0.000000      0.000000      0.000000      0.000000      0.000000      0.000000  8.864547E-20
 33      729.0000      219.7520      1.000000      0.000000      0.000000      0.000000      0.000000      0.000000   4.381582E-20  2.730309E-19      0.1604794      0.000000      0.000000      0.000000      0.000000      0.000000      0.000000  1.220087E-19
 34      729.0000      220.7520      1.000000      0.000000      0.000000      0.000000      0.000000      0.000000   1.440689E-19  2.806285E-19      0.5133794      0.000000      0.000000      0.000000      0.000000      0.000000      0.000000  1.269690E-19
 35      729.0000      221.7520      1.000000      0.000000      0.000000      0.000000      0.000000      0.000000   5.685266E-20  2.748297E-19      0.2068651      0.000000      0.000000      0.000000      0.000000      0.000000      0.000000  1.049666E-19
 36      729.0000      222.7520      1.000000      0.000000      0.000000      0.000000      0.000000      0.000000  -2.187033E-19  2.797703E-19     -0.7817246      0.000000      0.000000      0.000000      0.000000      0.000000      0.000000  1.243694E-19
 37      729.0000      223.7520      1.000000      0.000000      0.000000      0.000000      0.000000      0.000000   1.166148E-20  2.835604E-19     0.04112520      0.000000      0.000000      0.000000      0.000000      0.000000      0.000000  1.167534E-19
 38      729.0000      224.7520      1.000000      0.000000      0.000000      0.000000      0.000000      0.000000   1.092992E-19  2.698418E-19      0.4050493      0.000000      0.000000      0.000000      0.000000      0.000000      0.000000  9.455705E-20
 39      729.0000      225.7520      1.000000      0.000000      0.000000      0.000000      0.000000      0.000000  -6.913776E-21  2.811198E-19    -0.02459370      0.000000      0.000000      0.000000      0.000000      0.000000      0.000000  9.361181E-20
 40      729.0000      226.7520      1.000000      0.000000      0.000000      0.000000      0.000000      0.000000  -1.074216E-21  2.710710E-19   -0.003962860      0.000000      0.000000      0.000000      0.000000      0.000000      0.000000  9.631206E-20
 41      729.0000      227.7520      1.000000      0.000000      0.000000      0.000000      0.000000      0.000000  -1.059963E-19  2.524596E-19     -0.4198544      0.000000      0.000000      0.000000      0.000000      0.000000      0.000000  9.882148E-20
 42      729.0000      228.7520      1.000000      0.000000      0.000000      0.000000      0.000000      0.000000   2.004332E-20  2.747260E-19     0.07295749      0.000000      0.000000      0.000000      0.000000      0.000000      0.000000  1.073854E-19
 43      729.0000      229.7520      1.000000      0.000000      0.000000      0.000000      0.000000      0.000000   1.483276E-19  2.728252E-19      0.5436725      0.000000      0.000000      0.000000      0.000000      0.000000      0.000000  9.910212E-20
 44      729.0000      230.7520      1.000000      0.000000      0.000000      0.000000      0.000000      0.000000   1.188026E-19  2.956960E-19      0.4017728      0.000000      0.000000      0.000000      0.000000      0.000000      0.000000  1.109863E-19
 45      729.0000      231.7520      1.000000      0.000000      0.000000      0.000000      0.000000      0.000000   5.974657E-20  2.752774E-19      0.2170413      0.000000      0.000000      0.000000      0.000000      0.000000      0.000000  1.054171E-19
 46      729.0000      232.7520      1.000000      0.000000      0.000000      0.000000      0.000000      0.000000   1.552208E-19  2.948534E-19      0.5264339      0.000000      0.000000      0.000000      0.000000      0.000000      0.000000  1.044767E-19
 47      729.0000      233.7520      1.000000      0.000000      0.000000      0.000000      0.000000      0.000000   2.251451E-19  2.757112E-19      0.8165976      0.000000      0.000000      0.000000      0.000000      0.000000      0.000000  9.306046E-20
 48      729.0000      234.7520      1.000000      0.000000      0.000000      0.000000      0.000000      0.000000   1.540890E-19  2.902261E-19      0.5309274      0.000000      0.000000      0.000000      0.000000      0.000000      0.000000  1.164544E-19
 49      729.0000      235.7520      1.000000      0.000000      0.000000      0.000000      0.000000      0.000000  -1.765144E-19  2.624231E-19     -0.6726327      0.000000      0.000000      0.000000      0.000000      0.000000      0.000000  9.899329E-20
 50      729.0000      236.7520      1.000000      0.000000      0.000000      0.000000      0.000000      0.000000  -8.944495E-20  2.736769E-19     -0.3268268      0.000000      0.000000      0.000000      0.000000      0.000000      0.000000  1.051644E-19
 51      729.0000      237.7520      1.000000      0.000000      0.000000      0.000000      0.000000      0.000000   6.538786E-20  2.646414E-19      0.2470810      0.000000      0.000000      0.000000      0.000000      0.000000      0.000000  1.010860E-19
 52      729.0000      238.7520      1.000000      0.000000      0.000000      0.000000      0.000000      0.000000   1.811013E-20  2.843931E-19     0.06367990      0.000000      0.000000      0.000000      0.000000      0.000000      0.000000  1.177090E-19
 53      729.0000      239.7520      1.000000      0.000000      0.000000      0.000000      0.000000      0.000000   1.243732E-20  2.860165E-19     0.04348461      0.000000      0.000000      0.000000      0.000000      0.000000      0.000000  1.228257E-19
 54      729.0000      240.7520      1.000000      0.000000      0.000000      0.000000      0.000000      0.000000  -2.276608E-20  2.229728E-19     -0.1021025      0.000000      0.000000      0.000000      0.000000      0.000000      0.000000  1.113051E-19
 55      729.0000      241.7520      1.000000      0.000000      0.000000      0.000000      0.000000      0.000000   9.052358E-21  2.736164E-19     0.03308412      0.000000      0.000000      0.000000      0.000000      0.000000      0.000000  9.884640E-20
 56      729.0000      242.7520      1.000000      0.000000      0.000000      0.000000      0.000000      0.000000   7.249235E-20  2.685683E-19      0.2699215      0.000000      0.000000      0.000000      0.000000      0.000000      0.000000  1.022274E-19
 57      729.0000      243.7520      1.000000      0.000000      0.000000      0.000000      0.000000      0.000000  -1.983009E-19  2.369432E-19     -0.8369132      0.000000      0.000000      0.000000      0.000000      0.000000      0.000000  1.045809E-19
 58      729.0000      244.7520      1.000000      0.000000      0.000000      0.000000      0.000000      0.000000  -2.014105E-19  2.785876E-19     -0.7229700      0.000000      0.000000      0.000000      0.000000      0.000000      0.000000  9.789599E-20
 59      729.0000      245.7520      1.000000      0.000000      0.000000      0.000000      0.000000      0.000000   9.909031E-20  2.896465E-19      0.3421078      0.000000      0.000000      0.000000      0.000000      0.000000      0.000000  1.095463E-19
 60      729.0000      246.7520      1.000000      0.000000      0.000000      0.000000      0.000000      0.000000  -1.142800E-19  2.863178E-19     -0.3991371      0.000000      0.000000      0.000000      0.000000      0.000000      0.000000  1.214056E-19
 61      729.0000      247.7520      1.000000      0.000000      0.000000      0.000000      0.000000      0.000000  -6.904274E-21  3.054238E-19    -0.02260555      0.000000      0.000000      0.000000      0.000000      0.000000      0.000000  1.024339E-19
 62      729.0000      248.7520      1.000000      0.000000      0.000000      0.000000      0.000000      0.000000   2.576397E-19  2.740813E-19      0.9400117      0.000000      0.000000      0.000000      0.000000      0.000000      0.000000  9.099064E-20
 63      729.0000      249.7520      1.000000      0.000000      0.000000      0.000000      0.000000      0.000000   1.473939E-19  2.983643E-19      0.4940064      0.000000      0.000000      0.000000      0.000000      0.000000      0.000000  8.456092E-20
 64      729.0000      250.7520      1.000000      0.000000      0.000000      0.000000      0.000000      0.000000  -1.665958E-19  2.771454E-19     -0.6011133      0.000000      0.000000      0.000000      0.000000      0.000000      0.000000  1.023300E-19
 65      729.0000      251.7520      1.000000      0.000000      0.000000      0.000000      0.000000      0.000000  -1.948913E-20  2.879172E-19    -0.06769005      0.000000      0.000000      0.000000      0.000000      0.000000      0.000000  1.013513E-19
 66      729.0000      252.7520      1.000000      0.000000      0.000000      0.000000      0.000000      0.000000   4.275655E-20  2.965333E-19      0.1441880      0.000000      0.000000      0.000000      0.000000      0.000000      0.000000  1.034194E-19
 67      729.0000      253.7520      1.000000      0.000000      0.000000      0.000000      0.000000      0.000000   3.040023E-19  2.987038E-19       1.017738      0.000000      0.000000      0.000000      0.000000      0.000000      0.000000  1.129754E-19
 68      729.0000      254.7520      1.000000      0.000000      0.000000      0.000000      0.000000      0.000000   4.439731E-20  2.985325E-19      0.1487185      0.000000      0.000000      0.000000      0.000000      0.000000      0.000000  8.258128E-20
 69      729.0000      255.7520      1.000000      0.000000      0.000000      0.000000      0.000000      0.000000   1.330402E-19  2.915330E-19      0.4563470      0.000000      0.000000      0.000000      0.000000      0.000000      0.000000  8.380764E-20
 70      729.0000      256.7520      1.000000      0.000000      0.000000      0.000000      0.000000      0.000000   3.039079E-19  2.870359E-19       1.058780      0.000000      0.000000      0.000000      0.000000      0.000000      0.000000  9.338572E-20
 71      729.0000      257.7520      1.000000      0.000000      0.000000      0.000000      0.000000      0.000000   1.053169E-19  3.036818E-19      0.3468002      0.000000      0.000000      0.000000      0.000000      0.000000      0.000000  1.093709E-19
 72      729.0000      258.7520      1.000000      0.000000      0.000000      0.000000      0.000000      0.000000  -1.424591E-19  3.195761E-19     -0.4457750      0.000000      0.000000      0.000000      0.000000      0.000000      0.000000  9.829441E-20
 73      729.0000      259.7520      1.000000      0.000000      0.000000      0.000000      0.000000      0.000000   4.173247E-20  3.164946E-19      0.1318584      0.000000      0.000000      0.000000      0.000000      0.000000      0.000000  1.070280E-19
 74      729.0000      260.7520      1.000000      0.000000      0.000000      0.000000      0.000000      0.000000  -1.830310E-19  3.160238E-19     -0.5791683      0.000000      0.000000      0.000000      0.000000      0.000000      0.000000  1.131970E-19
 75      729.0000      261.7520      1.000000      0.000000      0.000000      0.000000      0.000000      0.000000  -2.170811E-19  2.986078E-19     -0.7269772      0.000000      0.000000      0.000000      0.000000      0.000000      0.000000  1.029026E-19
 76      729.0000      262.7520      1.000000      0.000000      0.000000      0.000000      0.000000      0.000000  -4.610963E-20  2.900885E-19     -0.1589502      0.000000      0.000000      0.000000      0.000000      0.000000      0.000000  1.105231E-19
 77      729.0000      263.7520      1.000000      0.000000      0.000000      0.000000      0.000000      0.000000   3.451508E-19  2.897308E-19       1.191281      0.000000      0.000000      0.000000      0.000000      0.000000      0.000000  9.893962E-20
 78      729.0000      264.7520      1.000000      0.000000      0.000000      0.000000      0.000000      0.000000   1.566729E-19  2.876860E-19      0.5445968      0.000000      0.000000      0.000000      0.000000      0.000000      0.000000  1.057963E-19
 79      729.0000      265.7520      1.000000      0.000000      0.000000      0.000000      0.000000      0.000000   5.121516E-20  2.810265E-19      0.1822432      0.000000      0.000000      0.000000      0.000000      0.000000      0.000000  1.071741E-19
 80      729.0000      266.7520      1.000000      0.000000      0.000000      0.000000      0.000000      0.000000  -3.036860E-20  3.051133E-19    -0.09953221      0.000000      0.000000      0.000000      0.000000      0.000000      0.000000  9.880908E-20
 81      729.0000      267.7520      1.000000      0.000000      0.000000      0.000000      0.000000      0.000000  -8.992322E-20  2.927507E-19     -0.3071665      0.000000      0.000000      0.000000      0.000000      0.000000      0.000000  1.068146E-19
 82      729.0000      268.7520      1.000000      0.000000      0.000000      0.000000      0.000000      0.000000   7.968799E-21  3.004678E-19     0.02652131      0.000000      0.000000      0.000000      0.000000      0.000000      0.000000  1.298623E-19
 83      729.0000      269.7520      1.000000      0.000000      0.000000      0.000000      0.000000      0.000000   8.163304E-20  2.927389E-19      0.2788595      0.000000      0.000000      0.000000      0.000000      0.000000      0.000000  1.112713E-19
 84      729.0000      270.7520      1.000000      0.000000      0.000000      0.000000      0.000000      0.000000  -2.018648E-19  2.807388E-19     -0.7190482      0.000000      0.000000      0.000000      0.000000      0.000000      0.000000  9.908028E-20
 85      729.0000      271.7520      1.000000      0.000000      0.000000      0.000000      0.000000      0.000000  -2.690139E-19  2.866821E-19     -0.9383702      0.000000      0.000000      0.000000      0.000000      0.000000      0.000000  1.064944E-19
 86      729.0000      272.7520      1.000000      0.000000      0.000000      0.000000      0.000000      0.000000   2.803509E-20  2.958218E-19     0.09477019      0.000000      0.000000      0.000000      0.000000      0.000000      0.000000  1.236136E-19
 87      729.0000      273.7520      1.000000      0.000000      0.000000      0.000000      0.000000      0.000000   3.980132E-20  2.956796E-19      0.1346096      0.000000      0.000000      0.000000      0.000000      0.000000      0.000000  9.061060E-20
 88      729.0000      274.7520      1.000000      0.000000      0.000000      0.000000      0.000000      0.000000   1.951920E-20  2.853134E-19     0.06841320      0.000000      0.000000      0.000000      0.000000      0.000000      0.000000  1.042251E-19
 89      729.0000      275.7520      1.000000      0.000000      0.000000      0.000000      0.000000      0.000000  -6.191908E-20  2.694318E-19     -0.2298136      0.000000      0.000000      0.000000      0.000000      0.000000      0.000000  1.003662E-19
 90      729.0000      276.7520      1.000000      0.000000      0.000000      0.000000      0.000000      0.000000   1.235619E-20  2.858946E-19     0.04321938      0.000000      0.000000      0.000000      0.000000      0.000000      0.000000  1.118264E-19
 91      729.0000      277.7520      1.000000      0.000000      0.000000      0.000000      0.000000      0.000000   4.791864E-20  2.852651E-19      0.1679793      0.000000      0.000000      0.000000      0.000000      0.000000      0.000000  1.220555E-19
 92      729.0000      278.7520      1.000000      0.000000      0.000000      0.000000      0.000000      0.000000   1.006156E-19  2.803125E-19      0.3589407      0.000000      0.000000      0.000000      0.000000      0.000000      0.000000  1.070741E-19
 93      729.0000      279.7520      1.000000      0.000000      0.000000      0.000000      0.000000      0.000000   2.626171E-19  2.800792E-19      0.9376530      0.000000      0.000000      0.000000      0.000000      0.000000      0.000000  1.082928E-19
 94      729.0000      280.7520      1.000000      0.000000      0.000000      0.000000      0.000000      0.000000  -3.400004E-20  2.727309E-19     -0.1246652      0.000000      0.000000      0.000000      0.000000      0.000000      0.000000  9.131201E-20
 95      729.0000      281.7520      1.000000      0.000000      0.000000      0.000000      0.000000      0.000000  -1.743044E-19  2.926372E-19     -0.5956331      0.000000      0.000000      0.000000      0.000000      0.000000      0.000000  1.090727E-19
 96      729.0000      282.7520      1.000000      0.000000      0.000000      0.000000      0.000000      0.000000  -1.470250E-19  2.769078E-19     -0.5309528      0.000000      0.000000      0.000000      0.000000      0.000000      0.000000  1.081127E-19
 97      729.0000      283.7520      1.000000      0.000000      0.000000      0.000000      0.000000      0.000000   2.912044E-19  2.905486E-19       1.002257      0.000000      0.000000      0.000000      0.000000      0.000000      0.000000  1.085887E-19
 98      729.0000      284.7520      1.000000      0.000000      0.000000      0.000000      0.000000      0.000000   2.893726E-19  2.805232E-19       1.031546      0.000000      0.000000      0.000000      0.000000      0.000000      0.000000  1.252448E-19
 99      729.0000      285.7520      1.000000      0.000000      0.000000      0.000000      0.000000      0.000000  -1.391343E-19  2.690266E-19     -0.5171767      0.000000      0.000000      0.000000      0.000000      0.000000      0.000000  1.126919E-19
100      729.0000      286.7520      1.000000      0.000000      0.000000      0.000000      0.000000      0.000000   3.329553E-20  2.772697E-19      0.1200836      0.000000      0.000000      0.000000      0.000000      0.000000      0.000000  8.643817E-20
101      729.0000      287.7520      1.000000      0.000000      0.000000      0.000000      0.000000      0.000000   1.879887E-19  2.698875E-19      0.6965449      0.000000      0.000000      0.000000      0.000000      0.000000      0.000000  1.046687E-19
102      729.0000      288.7520      1.000000      0.000000      0.000000      0.000000      0.000000      0.000000   3.413078E-19  2.808396E-19       1.215312      0.000000      0.000000      0.000000      0.000000      0.000000      0.000000  1.151500E-19
103      729.0000      289.7520      1.000000      0.000000      0.000000      0.000000      0.000000      0.000000   1.472111E-19  2.948214E-19      0.4993229      0.000000      0.000000      0.000000      0.000000      0.000000      0.000000  1.068028E-19
104      729.0000      290.7520      1.000000      0.000000      0.000000      0.000000      0.000000      0.000000   1.432101E-19  2.609298E-19      0.5488452      0.000000      0.000000      0.000000      0.000000      0.000000      0.000000  9.086989E-20
105      729.0000      291.7520      1.000000      0.000000      0.000000      0.000000      0.000000      0.000000   1.525375E-19  2.739055E-19      0.5568980      0.000000      0.000000      0.000000      0.000000      0.000000      0.000000  1.027902E-19
106      729.0000      292.7520      1.000000      0.000000      0.000000      0.000000      0.000000      0.000000  -9.291464E-20  2.765474E-19     -0.3359809      0.000000      0.000000      0.000000      0.000000      0.000000      0.000000  1.214232E-19
107      729.0000      293.7520      1.000000      0.000000      0.000000      0.000000      0.000000      0.000000  -1.185985E-19  2.916174E-19     -0.4066922      0.000000      0.000000      0.000000      0.000000      0.000000      0.000000  1.347614E-19
108      729.0000      294.7520      1.000000      0.000000      0.000000      0.000000      0.000000      0.000000  -2.341196E-19  2.954040E-19     -0.7925405      0.000000      0.000000      0.000000      0.000000      0.000000      0.000000  1.417062E-19
109      729.0000      295.7520      1.000000      0.000000      0.000000      0.000000      0.000000      0.000000  -9.511322E-20  2.642789E-19     -0.3598972      0.000000      0.000000      0.000000      0.000000      0.000000      0.000000  1.078849E-19
110      729.0000      296.7520      1.000000      0.000000      0.000000      0.000000      0.000000      0.000000   4.391073E-20  2.679159E-19      0.1638975      0.000000      0.000000      0.000000      0.000000      0.000000      0.000000  1.214902E-19
111      729.0000      297.7520      1.000000      0.000000      0.000000      0.000000      0.000000      0.000000  -1.074085E-19  2.693662E-19     -0.3987452      0.000000      0.000000      0.000000      0.000000      0.000000      0.000000  1.034343E-19
112      729.0000      298.7520      1.000000      0.000000      0.000000      0.000000      0.000000      0.000000  -1.350097E-20  3.074572E-19    -0.04391171      0.000000      0.000000      0.000000      0.000000      0.000000      0.000000  1.150892E-19
113      729.0000      299.7520      1.000000      0.000000      0.000000      0.000000      0.000000      0.000000   1.246023E-19  2.712658E-19      0.4593368      0.000000      0.000000      0.000000      0.000000      0.000000      0.000000  1.188452E-19
114      729.0000      300.7520      1.000000      0.000000      0.000000      0.000000      0.000000      0.000000   1.610049E-19  2.991792E-19      0.5381553      0.000000      0.000000      0.000000      0.000000      0.000000      0.000000  1.130502E-19
115      729.0000      301.7520      1.000000      0.000000      0.000000      0.000000      0.000000      0.000000  -6.453975E-20  2.810233E-19     -0.2296598      0.000000      0.000000      0.000000      0.000000      0.000000      0.000000  1.005937E-19
116      729.0000      302.7520      1.000000      0.000000      0.000000      0.000000      0.000000      0.000000   7.602563E-20  2.744234E-19      0.2770377      0.000000      0.000000      0.000000      0.000000      0.000000      0.000000  1.249685E-19
117      729.0000      303.7520      1.000000      0.000000      0.000000      0.000000      0.000000      0.000000   9.505843E-20  2.518518E-19      0.3774379      0.000000      0.000000      0.000000      0.000000      0.000000      0.000000  9.850285E-20
118      729.0000      304.7520      1.000000      0.000000      0.000000      0.000000      0.000000      0.000000   9.832345E-20  2.523685E-19      0.3896027      0.000000      0.000000      0.000000      0.000000      0.000000      0.000000  1.050507E-19
119      729.0000      305.7520      1.000000      0.000000      0.000000      0.000000      0.000000      0.000000   8.586561E-20  2.662763E-19      0.3224681      0.000000      0.000000      0.000000      0.000000      0.000000      0.000000  9.604368E-20
120      729.0000      306.7520      1.000000      0.000000      0.000000      0.000000      0.000000      0.000000   3.097613E-20  2.712121E-19      0.1142136      0.000000      0.000000      0.000000      0.000000      0.000000      0.000000  1.166067E-19
121      729.0000      307.7520      1.000000      0.000000      0.000000      0.000000      0.000000      0.000000   1.447978E-19  2.644442E-19      0.5475550      0.000000      0.000000      0.000000      0.000000      0.000000      0.000000  1.349783E-19
122      729.0000      308.7520      1.000000      0.000000      0.000000      0.000000      0.000000      0.000000   2.628127E-19  2.795280E-19      0.9402018      0.000000      0.000000      0.000000      0.000000      0.000000      0.000000  1.067410E-19
123      729.0000      309.7520      1.000000      0.000000      0.000000      0.000000      0.000000      0.000000   1.790187E-19  2.538394E-19      0.7052441      0.000000      0.000000      0.000000      0.000000      0.000000      0.000000  1.163801E-19
124      729.0000      310.7520      1.000000      0.000000      0.000000      0.000000      0.000000      0.000000  -8.329626E-20  2.900652E-19     -0.2871640      0.000000      0.000000      0.000000      0.000000      0.000000      0.000000  1.185584E-19
125      729.0000      311.7520      1.000000      0.000000      0.000000      0.000000      0.000000      0.000000  -1.044330E-19  2.674855E-19     -0.3904249      0.000000      0.000000      0.000000      0.000000      0.000000      0.000000  1.062287E-19
126      729.0000      312.7520      1.000000      0.000000      0.000000      0.000000      0.000000      0.000000   3.118406E-20  2.740377E-19      0.1137948      0.000000      0.000000      0.000000      0.000000      0.000000      0.000000  1.225380E-19
127      729.0000      313.7520      1.000000      0.000000      0.000000      0.000000      0.000000      0.000000   1.161981E-19  2.833198E-19      0.4101305      0.000000      0.000000      0.000000      0.000000      0.000000      0.000000  1.190777E-19
128      729.0000      314.7520      1.000000      0.000000      0.000000      0.000000      0.000000      0.000000   2.227795E-19  2.869500E-19      0.7763706      0.000000      0.000000      0.000000      0.000000      0.000000      0.000000  1.049352E-19
129      729.0000      315.7520      1.000000      0.000000      0.000000      0.000000      0.000000      0.000000   3.498843E-20  2.612207E-19      0.1339420      0.000000      0.000000      0.000000      0.000000      0.000000      0.000000  1.194530E-19
130      729.0000      316.7520      1.000000      0.000000      0.000000      0.000000      0.000000      0.000000   3.490105E-20  2.898334E-19      0.1204176      0.000000      0.000000      0.000000      0.000000      0.000000      0.000000  1.106593E-19
131      729.0000      317.7520      1.000000      0.000000      0.000000      0.000000      0.000000      0.000000  -2.031719E-20  2.592178E-19    -0.07837885      0.000000      0.000000      0.000000      0.000000      0.000000      0.000000  1.194072E-19
132      729.0000      318.7520      1.000000      0.000000      0.000000      0.000000      0.000000      0.000000   1.589927E-19  2.718642E-19      0.5848239      0.000000      0.000000      0.000000      0.000000      0.000000      0.000000  9.804438E-20
133      729.0000      319.7520      1.000000      0.000000      0.000000      0.000000      0.000000      0.000000  -4.616825E-20  2.579580E-19     -0.1789759      0.000000      0.000000      0.000000      0.000000      0.000000      0.000000  1.168656E-19
134      729.0000      320.7520      1.000000      0.000000      0.000000      0.000000      0.000000      0.000000   9.046465E-20  2.673908E-19      0.3383238      0.000000      0.000000      0.000000      0.000000      0.000000      0.000000  9.790999E-20
135      729.0000      321.7520      1.000000      0.000000      0.000000      0.000000      0.000000      0.000000  -1.234538E-19  2.908073E-19     -0.4245210      0.000000      0.000000      0.000000      0.000000      0.000000      0.000000  1.140828E-19
136      729.0000      322.7520      1.000000      0.000000      0.000000      0.000000      0.000000      0.000000   5.065391E-20  2.478042E-19      0.2044110      0.000000      0.000000      0.000000      0.000000      0.000000      0.000000  9.451241E-20
137      729.0000      323.7520      1.000000      0.000000      0.000000      0.000000      0.000000      0.000000   1.986755E-19  2.767813E-19      0.7178068      0.000000      0.000000      0.000000      0.000000      0.000000      0.000000  9.355026E-20
138      729.0000      324.7520      1.000000      0.000000      0.000000      0.000000      0.000000      0.000000   3.124201E-19  2.481576E-19       1.258959      0.000000      0.000000      0.000000      0.000000      0.000000      0.000000  9.383113E-20
139      729.0000      325.7520      1.000000      0.000000      0.000000      0.000000      0.000000      0.000000   4.631408E-19  2.745448E-19       1.686941      0.000000      0.000000      0.000000      0.000000      0.000000      0.000000  1.158416E-19
140      729.0000      326.7520      1.000000      0.000000      0.000000      0.000000      0.000000      0.000000   4.213769E-19  2.629921E-19       1.602242      0.000000      0.000000      0.000000      0.000000      0.000000      0.000000  1.226009E-19
141      729.0000      327.7520      1.000000      0.000000      0.000000      0.000000      0.000000      0.000000   1.796305E-19  2.661714E-19      0.6748678      0.000000      0.000000      0.000000      0.000000      0.000000      0.000000  1.168009E-19
