 AP       XCENTER       YCENTER        APSIZE       PIXPEAK          WAVE       WAVEERR             Z          ZERR         SIGNAL         NOISE          RATIO      BBEWREST   BBEWRESTERR       WAVEFIT    WAVEFITERR          FWHM       FWHMERR          FLIM
--- ------------- ------------- ------------- ------------- ------------- ------------- ------------- ------------- -------------- ------------- -------------- ------------- ------------- ------------- ------------- ------------- ------------- -------------
  1      714.0000      117.1910      1.000000      600.0000      4138.115      5.944271      1.671475   0.003837489  -1.432198E-20  1.577671E-19    -0.09077924      0.000000      0.000000      0.000000      0.000000      0.000000      0.000000  6.307412E-20
  2      714.0000      118.1910      1.000000      601.0000      4139.607      11.05636      1.672439   0.007137742  -1.393604E-20  1.730053E-19    -0.08055270      0.000000      0.000000      0.000000      0.000000      0.000000      0.000000  5.448654E-20
  3      714.0000      119.1910      1.000000      600.0000      4137.722      4.104351      1.671221   0.002649678   5.717094E-20  1.664547E-19      0.3434624      0.000000      0.000000      0.000000      0.000000      0.000000      0.000000  6.885314E-20
  4      714.0000      120.1910      1.000000      602.0000      4142.494      11.75465      1.674302   0.007588541   6.020223E-20  1.670357E-19      0.3604154      0.000000      0.000000      0.000000      0.000000      0.000000      0.000000  6.632033E-20
  5      714.0000      121.1910      1.000000      598.0000      4135.126      13.23555      1.669545   0.008544580   5.462054E-20  1.650716E-19      0.3308901      0.000000      0.000000      0.000000      0.000000      0.000000      0.000000  6.370909E-20
  6      714.0000      122.1910      1.000000      598.0000      4135.054      14.26361      1.669499   0.009208271  -1.505344E-20  1.694737E-19    -0.08882466      0.000000      0.000000      0.000000      0.000000      0.000000      0.000000  6.040271E-20
  7      714.0000      123.1910      1.000000      599.0000      4135.902      10.22669      1.670047   0.006602126  -8.922052E-20  1.586368E-19     -0.5624200      0.000000      0.000000      0.000000      0.000000      0.000000      0.000000  6.662033E-20
  8      714.0000      124.1910      1.000000      604.0000      4146.220     0.4527768      1.676707  0.0002923027  -9.348930E-20  1.627819E-19     -0.5743224      0.000000      0.000000      0.000000      0.000000      0.000000      0.000000  7.161863E-20
  9      714.0000      125.1910      1.000000      599.0000      4135.549      7.250998      1.669819   0.004681083  -8.275386E-20  1.599480E-19     -0.5173799      0.000000      0.000000      0.000000      0.000000      0.000000      0.000000  6.319355E-20
 10      714.0000      126.1910      1.000000      600.0000      4138.327      6.335135      1.671612   0.004089823  -1.439104E-19  1.608023E-19     -0.8949524      0.000000      0.000000      0.000000      0.000000      0.000000      0.000000  7.239389E-20
 11      714.0000      127.1910      1.000000      600.0000      4139.281      7.924960      1.672228   0.005116178  -8.660909E-20  1.663512E-19     -0.5206400      0.000000      0.000000      0.000000      0.000000      0.000000      0.000000  5.703985E-20
 12      714.0000      128.1910      1.000000      598.0000      4135.208      12.85611      1.669599   0.008299617  -1.025682E-19  1.761498E-19     -0.5822783      0.000000      0.000000      0.000000      0.000000      0.000000      0.000000  6.033593E-20
 13      714.0000      129.1910      1.000000      600.0000      4137.960      6.211761      1.671375   0.004010175  -1.568172E-19  1.525227E-19      -1.028157      0.000000      0.000000      0.000000      0.000000      0.000000      0.000000  6.260442E-20
 14      714.0000      130.1910      1.000000      602.0000      4142.878      7.798235      1.674550   0.005034367  -1.284496E-19  1.657777E-19     -0.7748304      0.000000      0.000000      0.000000      0.000000      0.000000      0.000000  6.442111E-20
 15      714.0000      131.1910      1.000000      601.0000      4140.907      7.196276      1.673277   0.004645756  -1.321528E-19  1.652142E-19     -0.7998878      0.000000      0.000000      0.000000      0.000000      0.000000      0.000000  6.751557E-20
 16      714.0000      132.1910      1.000000      599.0000      4136.014      6.549405      1.670119   0.004228150  -1.083288E-19  1.746449E-19     -0.6202803      0.000000      0.000000      0.000000      0.000000      0.000000      0.000000  6.488187E-20
 17      714.0000      133.1910      1.000000      601.0000      4141.334      7.709050      1.673553   0.004976791  -1.265587E-19  1.531251E-19     -0.8265051      0.000000      0.000000      0.000000      0.000000      0.000000      0.000000  6.173466E-20
 18      714.0000      134.1910      1.000000      599.0000      4136.870      9.892365      1.670671   0.006386291  -6.973255E-20  1.684363E-19     -0.4139996      0.000000      0.000000      0.000000      0.000000      0.000000      0.000000  6.561018E-20
 19      714.0000      135.1910      1.000000      599.0000      4135.365      9.090839      1.669700   0.005868844  -2.288754E-20  1.645438E-19     -0.1390970      0.000000      0.000000      0.000000      0.000000      0.000000      0.000000  6.419169E-20
 20      714.0000      136.1910      1.000000      600.0000      4137.440      9.259011      1.671039   0.005977412   2.584027E-20  1.470873E-19      0.1756799      0.000000      0.000000      0.000000      0.000000      0.000000      0.000000  5.306307E-20
 21      714.0000      137.1910      1.000000      599.0000      4137.256      10.42326      1.670921   0.006729025  -1.976608E-20  1.734220E-19     -0.1139768      0.000000      0.000000      0.000000      0.000000      0.000000      0.000000  6.308182E-20
 22      714.0000      138.1910      1.000000      600.0000      4138.631      7.924509      1.671808   0.005115887  -1.388640E-20  1.689177E-19    -0.08220812      0.000000      0.000000      0.000000      0.000000      0.000000      0.000000  7.101653E-20
 23      714.0000      139.1910      1.000000      601.0000      4140.609      12.32076      1.673085   0.007954012  -2.806815E-20  1.756833E-19     -0.1597656      0.000000      0.000000      0.000000      0.000000      0.000000      0.000000  6.648865E-20
 24      714.0000      140.1910      1.000000      601.0000      4141.084      5.980373      1.673392   0.003860796  -6.067170E-20  1.819116E-19     -0.3335230      0.000000      0.000000      0.000000      0.000000      0.000000      0.000000  6.636553E-20
 25      714.0000      141.1910      1.000000      599.0000      4135.439      2.294569      1.669748   0.001481323  -1.449988E-19  1.492354E-19     -0.9716115      0.000000      0.000000      0.000000      0.000000      0.000000      0.000000  5.886336E-20
 26      714.0000      142.1910      1.000000      598.0000      4133.553      10.16213      1.668530   0.006560447  -1.841852E-20  1.718643E-19     -0.1071690      0.000000      0.000000      0.000000      0.000000      0.000000      0.000000  7.043947E-20
 27      714.0000      143.1910      1.000000      600.0000      4139.560      5.380472      1.672408   0.003473513  -1.640660E-19  1.588472E-19      -1.032854      0.000000      0.000000      0.000000      0.000000      0.000000      0.000000  6.767528E-20
 28      714.0000      144.1910      1.000000      599.0000      4136.888      5.006055      1.670683   0.003231798  -9.455494E-20  1.528839E-19     -0.6184753      0.000000      0.000000      0.000000      0.000000      0.000000      0.000000  8.180047E-20
 29      714.0000      145.1910      1.000000      599.0000      4136.024      10.30759      1.670125   0.006654350  -1.001674E-19  1.619892E-19     -0.6183583      0.000000      0.000000      0.000000      0.000000      0.000000      0.000000  5.223552E-20
 30      714.0000      146.1910      1.000000      598.0000      4134.500     0.9439743      1.669141  0.0006094088  -8.198507E-20  1.607337E-19     -0.5100676      0.000000      0.000000      0.000000      0.000000      0.000000      0.000000  7.397841E-20
 31      714.0000      147.1910      1.000000      599.0000      4136.364      6.703331      1.670345   0.004327521  -1.281227E-19  1.646365E-19     -0.7782158      0.000000      0.000000      0.000000      0.000000      0.000000      0.000000  6.269179E-20
 32      714.0000      148.1910      1.000000      599.0000      4136.128      7.371516      1.670193   0.004758887  -2.697132E-20  1.693932E-19     -0.1592232      0.000000      0.000000      0.000000      0.000000      0.000000      0.000000  5.830608E-20
 33      714.0000      149.1910      1.000000      599.0000      4135.373      8.479160      1.669705   0.005473957   1.322447E-20  1.650748E-19     0.08011198      0.000000      0.000000      0.000000      0.000000      0.000000      0.000000  5.876210E-20
 34      714.0000      150.1910      1.000000      598.0000      4134.172      13.94680      1.668930   0.009003747   6.428561E-20  1.778022E-19      0.3615568      0.000000      0.000000      0.000000      0.000000      0.000000      0.000000  5.642925E-20
 35      714.0000      151.1910      1.000000      602.0000      4142.434     0.9554621      1.674263  0.0006168251  -5.342642E-20  1.743304E-19     -0.3064664      0.000000      0.000000      0.000000      0.000000      0.000000      0.000000  6.340303E-20
 36      714.0000      152.1910      1.000000      599.0000      4136.257      8.143034      1.670275   0.005256962  -4.130008E-20  1.708940E-19     -0.2416708      0.000000      0.000000      0.000000      0.000000      0.000000      0.000000  5.202758E-20
 37      714.0000      153.1910      1.000000      599.0000      4136.813      7.192849      1.670635   0.004643543   6.223114E-20  1.483194E-19      0.4195751      0.000000      0.000000      0.000000      0.000000      0.000000      0.000000  4.817602E-20
 38      714.0000      154.1910      1.000000      597.0000      4131.676      1.022434      1.667318  0.0006600604  -2.267479E-19  1.657907E-19      -1.367676      0.000000      0.000000      0.000000      0.000000      0.000000      0.000000  6.692624E-20
 39      714.0000      155.1910      1.000000      600.0000      4137.657      7.382840      1.671180   0.004766197  -3.813509E-20  1.594914E-19     -0.2391044      0.000000      0.000000      0.000000      0.000000      0.000000      0.000000  6.867449E-20
 40      714.0000      156.1910      1.000000      600.0000      4138.257      9.677025      1.671567   0.006247272   1.366990E-19  1.739861E-19      0.7856892      0.000000      0.000000      0.000000      0.000000      0.000000      0.000000  6.374361E-20
 41      714.0000      157.1910      1.000000      600.0000      4137.662      9.176420      1.671182   0.005924093   1.032509E-19  1.835599E-19      0.5624917      0.000000      0.000000      0.000000      0.000000      0.000000      0.000000  6.184113E-20
 42      714.0000      158.1910      1.000000      600.0000      4138.959      7.740282      1.672020   0.004996954   1.222442E-20  1.735330E-19     0.07044436      0.000000      0.000000      0.000000      0.000000      0.000000      0.000000  7.185804E-20
 43      714.0000      159.1910      1.000000      598.0000      4134.946      9.508727      1.669430   0.006138623   2.609919E-20  1.702300E-19      0.1533172      0.000000      0.000000      0.000000      0.000000      0.000000      0.000000  6.311881E-20
 44      714.0000      160.1910      1.000000      600.0000      4138.223      11.23430      1.671545   0.007252614  -1.616661E-20  1.637100E-19    -0.09875150      0.000000      0.000000      0.000000      0.000000      0.000000      0.000000  7.236700E-20
 45      714.0000      161.1910      1.000000      600.0000      4139.081      11.85139      1.672098   0.007650991  -1.189187E-20  1.677641E-19    -0.07088447      0.000000      0.000000      0.000000      0.000000      0.000000      0.000000  6.089115E-20
 46      714.0000      162.1910      1.000000      599.0000      4137.220      7.514521      1.670897   0.004851208  -4.960672E-20  1.772571E-19     -0.2798574      0.000000      0.000000      0.000000      0.000000      0.000000      0.000000  7.503910E-20
 47      714.0000      163.1910      1.000000      599.0000      4136.467      4.747466      1.670411   0.003064859  -5.323981E-20  1.658907E-19     -0.3209330      0.000000      0.000000      0.000000      0.000000      0.000000      0.000000  6.648292E-20
 48      714.0000      164.1910      1.000000      599.0000      4136.003      12.57004      1.670112   0.008114940   7.479450E-20  1.694857E-19      0.4413028      0.000000      0.000000      0.000000      0.000000      0.000000      0.000000  6.582383E-20
 49      714.0000      165.1910      1.000000      600.0000      4137.914      10.98629      1.671345   0.007092508   1.191841E-20  1.608967E-19     0.07407493      0.000000      0.000000      0.000000      0.000000      0.000000      0.000000  6.080511E-20
 50      714.0000      166.1910      1.000000      600.0000      4137.492      7.852592      1.671073   0.005069459   5.053423E-20  1.607561E-19      0.3143534      0.000000      0.000000      0.000000      0.000000      0.000000      0.000000  6.101383E-20
 51      714.0000      167.1910      1.000000      600.0000      4137.877      7.890007      1.671322   0.005093614  -9.187955E-20  1.614835E-19     -0.5689717      0.000000      0.000000      0.000000      0.000000      0.000000      0.000000  5.181386E-20
 52      714.0000      168.1910      1.000000      601.0000      4140.032      1.158967      1.672713  0.0007482032  -1.616905E-20  1.791819E-19    -0.09023818      0.000000      0.000000      0.000000      0.000000      0.000000      0.000000  6.756267E-20
 53      714.0000      169.1910      1.000000      599.0000      4136.013      10.01514      1.670118   0.006465552   5.190750E-20  1.758501E-19      0.2951803      0.000000      0.000000      0.000000      0.000000      0.000000      0.000000  6.276513E-20
 54      714.0000      170.1910      1.000000      601.0000      4141.665      4.994441      1.673767   0.003224300   2.828372E-20  1.573703E-19      0.1797272      0.000000      0.000000      0.000000      0.000000      0.000000      0.000000  5.550779E-20
 55      714.0000      171.1910      1.000000      599.0000      4137.276      9.443429      1.670933   0.006096468  -5.577785E-20  1.641484E-19     -0.3398014      0.000000      0.000000      0.000000      0.000000      0.000000      0.000000  6.257265E-20
 56      714.0000      172.1910      1.000000      598.0000      4133.693      10.28870      1.668621   0.006642158   6.242060E-21  1.621739E-19     0.03848992      0.000000      0.000000      0.000000      0.000000      0.000000      0.000000  6.266058E-20
 57      714.0000      173.1910      1.000000      597.0000      4131.968      8.104724      1.667507   0.005232230   3.949652E-20  1.594972E-19      0.2476314      0.000000      0.000000      0.000000      0.000000      0.000000      0.000000  5.386925E-20
 58      714.0000      174.1910      1.000000      599.0000      4136.852      6.863968      1.670660   0.004431225  -1.136494E-20  1.488959E-19    -0.07632812      0.000000      0.000000      0.000000      0.000000      0.000000      0.000000  6.049801E-20
 59      714.0000      175.1910      1.000000      598.0000      4135.208      7.200468      1.669598   0.004648462   1.353791E-19  1.635919E-19      0.8275415      0.000000      0.000000      0.000000      0.000000      0.000000      0.000000  5.265158E-20
 60      714.0000      176.1910      1.000000      600.0000      4138.034      5.928166      1.671423   0.003827092   1.523581E-19  1.637597E-19      0.9303759      0.000000      0.000000      0.000000      0.000000      0.000000      0.000000  6.430686E-20
 61      714.0000      177.1910      1.000000      600.0000      4138.745      8.475567      1.671882   0.005471638   7.780549E-20  1.686096E-19      0.4614536      0.000000      0.000000      0.000000      0.000000      0.000000      0.000000  7.516475E-20
 62      714.0000      178.1910      1.000000      599.0000      4135.568      5.305819      1.669831   0.003425319  -7.832190E-21  1.529680E-19    -0.05120150      0.000000      0.000000      0.000000      0.000000      0.000000      0.000000  5.516811E-20
 63      714.0000      179.1910      1.000000      598.0000      4134.860      5.056375      1.669374   0.003264283   1.693734E-19  1.667369E-19       1.015812      0.000000      0.000000      0.000000      0.000000      0.000000      0.000000  5.894978E-20
 64      714.0000      180.1910      1.000000      599.0000      4137.384      3.921848      1.671003   0.002531858   2.814244E-19  1.690090E-19       1.665145      0.000000      0.000000      0.000000      0.000000      0.000000      0.000000  6.575953E-20
 65      714.0000      181.1910      1.000000      600.0000      4138.383      2.863856      1.671648   0.001848842   3.362435E-19  1.692950E-19       1.986140      0.000000      0.000000      0.000000      0.000000      0.000000      0.000000  5.897621E-20
 66      714.0000      182.1910      1.000000      599.0000      4135.647      2.026589      1.669882   0.001308321   3.297134E-19  1.584886E-19       2.080360     0.1946166    0.09451187      4134.746      2.653817      10.59165      9.938370  5.907826E-20
 67      714.0000      183.1910      1.000000      599.0000      4136.966      3.189257      1.670733   0.002058913   3.448005E-19  1.690956E-19       2.039086     0.2034571     0.1007649      4136.044      5.010605      14.41299      11.60243  6.794306E-20
 68      714.0000      184.1910      1.000000      600.0000      4138.078      3.533601      1.671451   0.002281214   3.278794E-19  1.648900E-19       1.988473      0.000000      0.000000      0.000000      0.000000      0.000000      0.000000  5.959548E-20
 69      714.0000      185.1910      1.000000      600.0000      4138.870      3.175105      1.671962   0.002049777   4.430776E-19  1.673436E-19       2.647712     0.2613274     0.1003389      4137.637      4.341688      16.02877      9.352989  5.848603E-20
 70      714.0000      186.1910      1.000000      600.0000      4138.473      3.462389      1.671706   0.002235242   3.224303E-19  1.727818E-19       1.866113      0.000000      0.000000      0.000000      0.000000      0.000000      0.000000  6.637491E-20
 71      714.0000      187.1910      1.000000      600.0000      4137.521      3.178393      1.671092   0.002051900   3.541718E-19  1.689406E-19       2.096428     0.2089588     0.1007149      4137.282      5.206717      14.34473      11.24506  6.598403E-20
 72      714.0000      188.1910      1.000000      599.0000      4136.853      3.543486      1.670660   0.002287596   3.194784E-19  1.638528E-19       1.949790      0.000000      0.000000      0.000000      0.000000      0.000000      0.000000  5.208794E-20
 73      714.0000      189.1910      1.000000      599.0000      4137.254      2.959323      1.670919   0.001910473   4.313809E-19  1.646714E-19       2.619647     0.2545280    0.09874142      4137.624      3.381172      12.29271      9.353216  6.503749E-20
 74      714.0000      190.1910      1.000000      600.0000      4138.254      2.710867      1.671565   0.001750075   4.404168E-19  1.731273E-19       2.543890     0.2597967     0.1036928      4137.326      5.447227      18.14334      15.86539  5.601889E-20
 75      714.0000      191.1910      1.000000      600.0000      4138.792      2.609795      1.671912   0.001684826   3.699850E-19  1.669554E-19       2.216071     0.2182214    0.09962092      4139.341      4.497098      13.82090      8.922233  7.208464E-20
 76      714.0000      192.1910      1.000000      600.0000      4138.960      3.112660      1.672021   0.002009464   3.736603E-19  1.755391E-19       2.128645     0.2203802     0.1046456      4140.012      5.311230      14.79202      10.58253  7.007651E-20
 77      714.0000      193.1910      1.000000      600.0000      4137.462      3.907109      1.671054   0.002522343   3.208924E-19  1.710758E-19       1.875733      0.000000      0.000000      0.000000      0.000000      0.000000      0.000000  6.207687E-20
 78      714.0000      194.1910      1.000000      600.0000      4139.011      3.499550      1.672053   0.002259232   3.391214E-19  1.622782E-19       2.089754     0.2000072    0.09670194      4137.805      3.358505      11.97156      6.372104  6.493752E-20
 79      714.0000      195.1910      1.000000      600.0000      4138.617     0.9866562      1.671799  0.0006369633   2.075962E-19  1.688669E-19       1.229348      0.000000      0.000000      0.000000      0.000000      0.000000      0.000000  6.416130E-20
 80      714.0000      196.1910      1.000000      601.0000      4139.862      2.642250      1.672603   0.001705778   4.250404E-19  1.742243E-19       2.439616     0.2506290     0.1041836      4139.776      4.065959      17.70267      12.57312  7.515384E-20
 81      714.0000      197.1910      1.000000      601.0000      4139.684      2.876217      1.672488   0.001856822   3.884827E-19  1.644081E-19       2.362917     0.2290822    0.09823365      4140.730      3.679089      12.22668      6.959955  6.521344E-20
 82      714.0000      198.1910      1.000000      601.0000      4140.493      2.249788      1.673010   0.001452413   4.376913E-19  1.637765E-19       2.672492     0.2580493    0.09819144      4142.735      2.655619      14.08021      7.649600  6.734181E-20
 83      714.0000      199.1910      1.000000      600.0000      4137.698      3.194744      1.671206   0.002062456   3.902320E-19  1.671568E-19       2.334527     0.2302242    0.09989294      4139.183      3.921372      14.00964      15.16114  5.866670E-20
 84      714.0000      200.1910      1.000000      600.0000      4138.259      1.913016      1.671568   0.001235001   4.094828E-19  1.760198E-19       2.326345     0.2415488     0.1051659      4139.076      6.072309      17.52461      14.48268  5.792733E-20
 85      714.0000      201.1910      1.000000      600.0000      4139.292      2.504141      1.672235   0.001616618   3.987298E-19  1.644991E-19       2.423903     0.2351470    0.09836410      4138.401      3.786347      15.63647      12.12696  6.175872E-20
 86      714.0000      202.1910      1.000000      600.0000      4139.200      3.000253      1.672175   0.001936897   3.353033E-19  1.649671E-19       2.032546     0.1977463    0.09824554      4140.236      2.648083      11.83054      9.021870  4.938690E-20
 87      714.0000      203.1910      1.000000      602.0000      4142.346      2.695972      1.674206   0.001740460   3.806211E-19  1.671597E-19       2.276991     0.2243021    0.09972093      4142.452      4.097467      13.31688      9.600275  6.745846E-20
 88      714.0000      204.1910      1.000000      601.0000      4141.145      2.221136      1.673431   0.001433916   4.144651E-19  1.496427E-19       2.769698     0.2443174    0.08981306      4141.114      2.378610      11.94926      5.805463  6.329407E-20
 89      714.0000      205.1910      1.000000      601.0000      4140.875      2.575998      1.673257   0.001663007   5.082576E-19  1.736637E-19       2.926677     0.2996254     0.1044514      4140.638      3.187113      13.90832      9.726453  6.187247E-20
 90      714.0000      206.1910      1.000000      601.0000      4140.250      2.206232      1.672853   0.001424294   5.098466E-19  1.574610E-19       3.237922     0.3006075    0.09513675      4140.335      2.883601      13.69200      6.572871  6.964443E-20
 91      714.0000      207.1910      1.000000      600.0000      4139.573      2.261302      1.672416   0.001459847   4.035872E-19  1.678858E-19       2.403939     0.2379955     0.1003599      4139.857      5.419850      17.59368      13.25655  6.748025E-20
 92      714.0000      208.1910      1.000000      601.0000      4140.156      3.615662      1.672793   0.002334191   2.578177E-19  1.646454E-19       1.565897      0.000000      0.000000      0.000000      0.000000      0.000000      0.000000  8.066219E-20
 93      714.0000      209.1910      1.000000      601.0000      4140.101      2.912105      1.672757   0.001879990   1.669933E-19  1.709515E-19      0.9768459      0.000000      0.000000      0.000000      0.000000      0.000000      0.000000  6.617699E-20
 94      714.0000      210.1910      1.000000      600.0000      4139.180      2.586935      1.672163   0.001670068   3.185380E-19  1.577176E-19       2.019673     0.1878598    0.09391709      4140.991      4.401502      11.81179      8.250537  5.804647E-20
 95      714.0000      211.1910      1.000000      601.0000      4140.405      4.089089      1.672953   0.002639825   2.002167E-19  1.780004E-19       1.124811      0.000000      0.000000      0.000000      0.000000      0.000000      0.000000  6.218890E-20
 96      714.0000      212.1910      1.000000      600.0000      4139.037      2.899692      1.672071   0.001871977   1.953009E-19  1.644411E-19       1.187665      0.000000      0.000000      0.000000      0.000000      0.000000      0.000000  7.609190E-20
 97      714.0000      213.1910      1.000000      601.0000      4139.925      3.170900      1.672644   0.002047062   2.102911E-19  1.644181E-19       1.279002      0.000000      0.000000      0.000000      0.000000      0.000000      0.000000  6.916780E-20
 98      714.0000      214.1910      1.000000      600.0000      4137.481      4.948310      1.671066   0.003194519  -1.808178E-21  2.643025E-19   -0.006841321      0.000000      0.000000      0.000000      0.000000      0.000000      0.000000  1.085327E-19
 99      714.0000      215.1910      1.000000      601.0000      4139.767      3.130119      1.672541   0.002020735   1.492330E-19  1.662023E-19      0.8979000      0.000000      0.000000      0.000000      0.000000      0.000000      0.000000  6.748038E-20
100      714.0000      216.1910      1.000000      600.0000      4139.490      6.631182      1.672363   0.004280943   3.685703E-20  1.592163E-19      0.2314902      0.000000      0.000000      0.000000      0.000000      0.000000      0.000000  6.822768E-20
101      714.0000      217.1910      1.000000      597.0000      4131.768     0.4176488      1.667378  0.0002696248  -4.562002E-20  1.854692E-19     -0.2459709      0.000000      0.000000      0.000000      0.000000      0.000000      0.000000  7.208059E-20
102      714.0000      218.1910      1.000000      599.0000      4137.300      4.874685      1.670949   0.003146988   5.654651E-20  1.682528E-19      0.3360807      0.000000      0.000000      0.000000      0.000000      0.000000      0.000000  6.628564E-20
103      714.0000      219.1910      1.000000      600.0000      4138.190      10.43675      1.671524   0.006737736   1.116360E-19  1.589725E-19      0.7022347      0.000000      0.000000      0.000000      0.000000      0.000000      0.000000  6.167316E-20
104      714.0000      220.1910      1.000000      600.0000      4137.548      7.411105      1.671109   0.004784445  -4.429476E-21  1.733581E-19    -0.02555102      0.000000      0.000000      0.000000      0.000000      0.000000      0.000000  4.763539E-20
105      714.0000      221.1910      1.000000      600.0000      4138.328      10.16753      1.671613   0.006563934   4.376756E-21  1.606105E-19     0.02725075      0.000000      0.000000      0.000000      0.000000      0.000000      0.000000  5.474186E-20
106      714.0000      222.1910      1.000000      598.0000      4133.458      10.48899      1.668469   0.006771456   8.451548E-20  1.741194E-19      0.4853882      0.000000      0.000000      0.000000      0.000000      0.000000      0.000000  6.159273E-20
107      714.0000      223.1910      1.000000      601.0000      4140.014      8.774977      1.672701   0.005664930   2.616210E-20  1.579734E-19      0.1656108      0.000000      0.000000      0.000000      0.000000      0.000000      0.000000  6.494010E-20
108      714.0000      224.1910      1.000000      599.0000      4136.392     0.9180960      1.670362  0.0005927024   5.490368E-21  1.717470E-19     0.03196777      0.000000      0.000000      0.000000      0.000000      0.000000      0.000000  5.829565E-20
109      714.0000      225.1910      1.000000      606.0000      4150.506     0.2752055      1.679475  0.0001776666   1.521360E-20  1.561504E-19     0.09742918      0.000000      0.000000      0.000000      0.000000      0.000000      0.000000  6.316264E-20
110      714.0000      226.1910      1.000000      598.0000      4134.776      10.94957      1.669319   0.007068798   1.466998E-19  1.625458E-19      0.9025134      0.000000      0.000000      0.000000      0.000000      0.000000      0.000000  6.146452E-20
111      714.0000      227.1910      1.000000      600.0000      4138.692      8.602037      1.671848   0.005553284  -3.619789E-20  1.643633E-19     -0.2202309      0.000000      0.000000      0.000000      0.000000      0.000000      0.000000  6.166627E-20
112      714.0000      228.1910      1.000000      601.0000      4140.839      13.64726      1.673234   0.008810371   8.484338E-20  1.535024E-19      0.5527169      0.000000      0.000000      0.000000      0.000000      0.000000      0.000000  6.634664E-20
113      714.0000      229.1910      1.000000      598.0000      4135.176      11.29183      1.669578   0.007289754  -1.586687E-20  1.626045E-19    -0.09757950      0.000000      0.000000      0.000000      0.000000      0.000000      0.000000  6.721967E-20
114      714.0000      230.1910      1.000000      600.0000      4139.228      5.994037      1.672194   0.003869617  -1.099028E-19  1.721448E-19     -0.6384320      0.000000      0.000000      0.000000      0.000000      0.000000      0.000000  5.494723E-20
115      714.0000      231.1910      1.000000      599.0000      4136.617      10.33001      1.670508   0.006668827   9.822743E-20  1.580908E-19      0.6213354      0.000000      0.000000      0.000000      0.000000      0.000000      0.000000  5.312272E-20
116      714.0000      232.1910      1.000000      599.0000      4136.534      13.29255      1.670454   0.008581376   9.381506E-20  1.826571E-19      0.5136131      0.000000      0.000000      0.000000      0.000000      0.000000      0.000000  6.872921E-20
117      714.0000      233.1910      1.000000      599.0000      4135.391      9.408697      1.669717   0.006074046   8.486130E-20  1.667222E-19      0.5089982      0.000000      0.000000      0.000000      0.000000      0.000000      0.000000  7.367556E-20
118      714.0000      234.1910      1.000000      599.0000      4135.522      6.848521      1.669801   0.004421253  -5.463816E-20  1.681899E-19     -0.3248599      0.000000      0.000000      0.000000      0.000000      0.000000      0.000000  7.910401E-20
119      714.0000      235.1910      1.000000      600.0000      4137.450      4.881586      1.671046   0.003151444  -1.447043E-19  1.710698E-19     -0.8458787      0.000000      0.000000      0.000000      0.000000      0.000000      0.000000  5.573128E-20
120      714.0000      236.1910      1.000000      601.0000      4139.755      7.668244      1.672534   0.004950448   8.787275E-20  1.683412E-19      0.5219919      0.000000      0.000000      0.000000      0.000000      0.000000      0.000000  6.175463E-20
121      714.0000      237.1910      1.000000      599.0000      4136.536      5.777314      1.670456   0.003729706  -3.869174E-20  1.611341E-19     -0.2401213      0.000000      0.000000      0.000000      0.000000      0.000000      0.000000  6.721522E-20
122      714.0000      238.1910      1.000000      601.0000      4140.532      6.793470      1.673035   0.004385713   2.752388E-20  1.608312E-19      0.1711351      0.000000      0.000000      0.000000      0.000000      0.000000      0.000000  7.016110E-20
123      714.0000      239.1910      1.000000      600.0000      4137.485      5.999862      1.671069   0.003873378  -6.380716E-20  1.649684E-19     -0.3867842      0.000000      0.000000      0.000000      0.000000      0.000000      0.000000  4.674782E-20
124      714.0000      240.1910      1.000000      599.0000      4137.042      8.991264      1.670782   0.005804561   5.529090E-20  1.551470E-19      0.3563776      0.000000      0.000000      0.000000      0.000000      0.000000      0.000000  6.001804E-20
125      714.0000      241.1910      1.000000      600.0000      4137.940      10.32023      1.671362   0.006662508   2.977026E-21  1.839824E-19     0.01618104      0.000000      0.000000      0.000000      0.000000      0.000000      0.000000  5.327997E-20
126      714.0000      242.1910      1.000000      601.0000      4139.889      6.135313      1.672620   0.003960821  -3.594940E-20  1.527298E-19     -0.2353790      0.000000      0.000000      0.000000      0.000000      0.000000      0.000000  5.666950E-20
127      714.0000      243.1910      1.000000      600.0000      4137.510      5.546951      1.671084   0.003580989  -1.517537E-19  1.795538E-19     -0.8451716      0.000000      0.000000      0.000000      0.000000      0.000000      0.000000  6.129810E-20
128      714.0000      244.1910      1.000000      600.0000      4139.463      5.642146      1.672346   0.003642444  -1.281187E-19  1.711110E-19     -0.7487461      0.000000      0.000000      0.000000      0.000000      0.000000      0.000000  5.292630E-20
129      714.0000      245.1910      1.000000      601.0000      4139.846      3.286660      1.672592   0.002121795  -9.906248E-20  1.673522E-19     -0.5919401      0.000000      0.000000      0.000000      0.000000      0.000000      0.000000  6.868363E-20
130      714.0000      246.1910      1.000000      600.0000      4137.876      6.111958      1.671321   0.003945744  -9.617165E-20  1.779287E-19     -0.5405065      0.000000      0.000000      0.000000      0.000000      0.000000      0.000000  7.235420E-20
131      714.0000      247.1910      1.000000      598.0000      4133.580     0.7456094      1.668547  0.0004813489   1.400948E-20  1.557982E-19     0.08992067      0.000000      0.000000      0.000000      0.000000      0.000000      0.000000  5.557082E-20
132      714.0000      248.1910      1.000000      598.0000      4134.477      6.198381      1.669126   0.004001537  -1.395731E-19  1.597874E-19     -0.8734922      0.000000      0.000000      0.000000      0.000000      0.000000      0.000000  6.809874E-20
133      714.0000      249.1910      1.000000      597.0000      4131.985      6.327820      1.667518   0.004085100   2.403701E-20  1.683945E-19      0.1427423      0.000000      0.000000      0.000000      0.000000      0.000000      0.000000  7.494688E-20
134      714.0000      250.1910      1.000000      598.0000      4134.822      8.387311      1.669349   0.005414661   4.625129E-20  1.732553E-19      0.2669546      0.000000      0.000000      0.000000      0.000000      0.000000      0.000000  5.764201E-20
135      714.0000      251.1910      1.000000      600.0000      4139.570      8.122246      1.672414   0.005243542  -2.023043E-20  1.516289E-19     -0.1334206      0.000000      0.000000      0.000000      0.000000      0.000000      0.000000  5.817288E-20
136      714.0000      252.1910      1.000000      599.0000      4137.309      11.67719      1.670954   0.007538536  -2.960114E-20  1.548693E-19     -0.1911363      0.000000      0.000000      0.000000      0.000000      0.000000      0.000000  5.733333E-20
137      714.0000      253.1910      1.000000      599.0000      4135.492      5.326743      1.669782   0.003438827  -1.041553E-20  2.021084E-19    -0.05153437      0.000000      0.000000      0.000000      0.000000      0.000000      0.000000  6.308534E-20
138      714.0000      254.1910      1.000000      599.0000      4136.408     0.5272822      1.670373  0.0003404017   6.654873E-20  1.765717E-19      0.3768935      0.000000      0.000000      0.000000      0.000000      0.000000      0.000000  6.261035E-20
139      714.0000      255.1910      1.000000      600.0000      4139.163      7.191536      1.672152   0.004642696  -8.248705E-20  1.789209E-19     -0.4610252      0.000000      0.000000      0.000000      0.000000      0.000000      0.000000  6.941324E-20
140      714.0000      256.1910      1.000000      601.0000      4140.234      6.481280      1.672843   0.004184171  -6.876590E-20  1.794020E-19     -0.3833061      0.000000      0.000000      0.000000      0.000000      0.000000      0.000000  6.396155E-20
141      714.0000      257.1910      1.000000      600.0000      4138.229      11.37957      1.671549   0.007346398   1.630788E-19  1.627801E-19       1.001835      0.000000      0.000000      0.000000      0.000000      0.000000      0.000000  5.667219E-20
