  1      714.0000      117.1910      1.000000      172.0000      3246.430     0.6689327      1.670486  0.0005502584  -4.681405E-19  7.155481E-19     -0.6542404      0.000000      0.000000      0.000000      0.000000      0.000000      0.000000  3.030206E-19
  2      714.0000      118.1910      1.000000      173.0000      3249.281      7.460020      1.672831   0.006136550  -5.438528E-19  8.323625E-19     -0.6533845      0.000000      0.000000      0.000000      0.000000      0.000000      0.000000  3.131806E-19
  3      714.0000      119.1910      1.000000      173.0000      3247.817      7.451241      1.671627   0.006129329  -5.889390E-19  7.144681E-19     -0.8243042      0.000000      0.000000      0.000000      0.000000      0.000000      0.000000  3.000793E-19
  4      714.0000      120.1910      1.000000      174.0000      3249.723      6.578578      1.673195   0.005411483  -6.003171E-19  8.649055E-19     -0.6940841      0.000000      0.000000      0.000000      0.000000      0.000000      0.000000  3.186113E-19
  5      714.0000      121.1910      1.000000      172.0000      3246.619      7.891836      1.670642   0.006491758  -8.155299E-19  7.403295E-19      -1.101577      0.000000      0.000000      0.000000      0.000000      0.000000      0.000000  2.960066E-19
  6      714.0000      122.1910      1.000000      174.0000      3250.127      5.452281      1.673527   0.004485001  -7.941725E-19  8.633689E-19     -0.9198530      0.000000      0.000000      0.000000      0.000000      0.000000      0.000000  3.107028E-19
  7      714.0000      123.1910      1.000000      173.0000      3249.148      7.353511      1.672722   0.006048937  -5.015690E-19  7.262521E-19     -0.6906266      0.000000      0.000000      0.000000      0.000000      0.000000      0.000000  3.121033E-19
  8      714.0000      124.1910      1.000000      172.0000      3245.826      7.297893      1.669989   0.006003186  -6.053033E-20  7.202981E-19    -0.08403512      0.000000      0.000000      0.000000      0.000000      0.000000      0.000000  3.137605E-19
  9      714.0000      125.1910      1.000000      171.0000      3243.605      4.708578      1.668163   0.003873237  -7.200259E-19  7.781165E-19     -0.9253446      0.000000      0.000000      0.000000      0.000000      0.000000      0.000000  2.895619E-19
 10      714.0000      126.1910      1.000000      173.0000      3249.026      5.283601      1.672622   0.004346246  -6.967090E-19  7.495262E-19     -0.9295325      0.000000      0.000000      0.000000      0.000000      0.000000      0.000000  3.178420E-19
 11      714.0000      127.1910      1.000000      173.0000      3248.575      8.020861      1.672251   0.006597893  -3.808590E-19  8.248995E-19     -0.4617035      0.000000      0.000000      0.000000      0.000000      0.000000      0.000000  3.940511E-19
 12      714.0000      128.1910      1.000000      173.0000      3249.173      6.900131      1.672742   0.005675990  -8.258148E-19  6.663623E-19      -1.239288      0.000000      0.000000      0.000000      0.000000      0.000000      0.000000  2.976397E-19
 13      714.0000      129.1910      1.000000      174.0000      3250.587      5.120255      1.673905   0.004211879  -8.084126E-19  8.170670E-19     -0.9894080      0.000000      0.000000      0.000000      0.000000      0.000000      0.000000  3.169459E-19
 14      714.0000      130.1910      1.000000      173.0000      3248.781      8.604503      1.672420   0.007077992  -8.158453E-20  7.639085E-19     -0.1067988      0.000000      0.000000      0.000000      0.000000      0.000000      0.000000  2.698425E-19
 15      714.0000      131.1910      1.000000      173.0000      3248.312      6.868024      1.672034   0.005649579  -9.519375E-19  8.176680E-19      -1.164210      0.000000      0.000000      0.000000      0.000000      0.000000      0.000000  3.433824E-19
 16      714.0000      132.1910      1.000000      172.0000      3246.610      6.270247      1.670634   0.005157852  -5.722531E-19  8.021602E-19     -0.7133900      0.000000      0.000000      0.000000      0.000000      0.000000      0.000000  2.758047E-19
 17      714.0000      133.1910      1.000000      173.0000      3249.029      7.311325      1.672624   0.006014235  -4.115625E-19  8.089605E-19     -0.5087547      0.000000      0.000000      0.000000      0.000000      0.000000      0.000000  2.951459E-19
 18      714.0000      134.1910      1.000000      173.0000      3249.157      11.99099      1.672729   0.009863689  -1.060840E-19  8.472770E-19     -0.1252059      0.000000      0.000000      0.000000      0.000000      0.000000      0.000000  2.826048E-19
 19      714.0000      135.1910      1.000000      172.0000      3247.385      7.860209      1.671271   0.006465742  -6.734426E-19  8.037061E-19     -0.8379214      0.000000      0.000000      0.000000      0.000000      0.000000      0.000000  3.623400E-19
 20      714.0000      136.1910      1.000000      173.0000      3248.970      5.639387      1.672575   0.004638913  -1.189925E-18  7.759832E-19      -1.533441      0.000000      0.000000      0.000000      0.000000      0.000000      0.000000  3.020467E-19
 21      714.0000      137.1910      1.000000      172.0000      3246.196      5.635895      1.670293   0.004636040  -1.021675E-18  7.851591E-19      -1.301233      0.000000      0.000000      0.000000      0.000000      0.000000      0.000000  3.445454E-19
 22      714.0000      138.1910      1.000000      173.0000      3248.562      8.846948      1.672240   0.007277425  -3.141318E-19  7.400784E-19     -0.4244575      0.000000      0.000000      0.000000      0.000000      0.000000      0.000000  2.543748E-19
 23      714.0000      139.1910      1.000000      174.0000      3249.429      8.346004      1.672953   0.006865353  -3.063558E-19  7.956424E-19     -0.3850422      0.000000      0.000000      0.000000      0.000000      0.000000      0.000000  3.221327E-19
 24      714.0000      140.1910      1.000000      173.0000      3248.382      10.02497      1.672092   0.008246456  -1.365724E-20  8.492928E-19    -0.01608072      0.000000      0.000000      0.000000      0.000000      0.000000      0.000000  3.199794E-19
 25      714.0000      141.1910      1.000000      172.0000      3245.745      1.017862      1.669923  0.0008372850   1.346487E-19  7.488970E-19      0.1797960      0.000000      0.000000      0.000000      0.000000      0.000000      0.000000  2.725220E-19
 26      714.0000      142.1910      1.000000      173.0000      3249.165      7.440823      1.672735   0.006120759  -9.724129E-20  8.312138E-19     -0.1169871      0.000000      0.000000      0.000000      0.000000      0.000000      0.000000  3.103005E-19
 27      714.0000      143.1910      1.000000      173.0000      3247.485      5.624324      1.671354   0.004626522  -3.855155E-19  8.240609E-19     -0.4678240      0.000000      0.000000      0.000000      0.000000      0.000000      0.000000  3.366437E-19
 28      714.0000      144.1910      1.000000      170.0000      3242.594      10.03339      1.667331   0.008253383   6.223196E-19  7.626662E-19      0.8159790      0.000000      0.000000      0.000000      0.000000      0.000000      0.000000  3.786768E-19
 29      714.0000      145.1910      1.000000      173.0000      3247.839      10.29274      1.671645   0.008466723  -7.987359E-20  7.291438E-19     -0.1095444      0.000000      0.000000      0.000000      0.000000      0.000000      0.000000  3.531208E-19
 30      714.0000      146.1910      1.000000      171.0000      3245.372     0.6461022      1.669616  0.0005314783  -1.940224E-20  7.638302E-19    -0.02540125      0.000000      0.000000      0.000000      0.000000      0.000000      0.000000  3.305210E-19
 31      714.0000      147.1910      1.000000      178.0000      3257.823     0.7633040      1.679857  0.0006278875  -3.663940E-20  7.856548E-19    -0.04663549      0.000000      0.000000      0.000000      0.000000      0.000000      0.000000  3.061052E-19
 32      714.0000      148.1910      1.000000      174.0000      3251.313      1.570853      1.674503   0.001292171  -6.894827E-21  7.549906E-19   -0.009132336      0.000000      0.000000      0.000000      0.000000      0.000000      0.000000  3.050113E-19
 33      714.0000      149.1910      1.000000      173.0000      3248.011      9.612739      1.671787   0.007907358  -3.880055E-20  7.456864E-19    -0.05203333      0.000000      0.000000      0.000000      0.000000      0.000000      0.000000  2.352604E-19
 34      714.0000      150.1910      1.000000      173.0000      3249.166      8.090500      1.672737   0.006655178   2.114067E-19  7.815110E-19      0.2705102      0.000000      0.000000      0.000000      0.000000      0.000000      0.000000  3.124217E-19
 35      714.0000      151.1910      1.000000      174.0000      3249.552      4.968613      1.673054   0.004087139   2.256799E-19  7.934921E-19      0.2844136      0.000000      0.000000      0.000000      0.000000      0.000000      0.000000  3.127451E-19
 36      714.0000      152.1910      1.000000      172.0000      3247.063      8.289004      1.671007   0.006818465   1.616427E-19  7.938452E-19      0.2036200      0.000000      0.000000      0.000000      0.000000      0.000000      0.000000  3.571357E-19
 37      714.0000      153.1910      1.000000      171.0000      3243.682      7.568857      1.668226   0.006226078   9.236921E-19  7.604180E-19       1.214716      0.000000      0.000000      0.000000      0.000000      0.000000      0.000000  2.838334E-19
 38      714.0000      154.1910      1.000000      174.0000      3249.836      2.130637      1.673288   0.001752644   2.540395E-19  7.692821E-19      0.3302293      0.000000      0.000000      0.000000      0.000000      0.000000      0.000000  2.799340E-19
 39      714.0000      155.1910      1.000000      173.0000      3249.361      5.971336      1.672897   0.004911971   1.015225E-18  7.675289E-19       1.322719      0.000000      0.000000      0.000000      0.000000      0.000000      0.000000  3.123441E-19
 40      714.0000      156.1910      1.000000      173.0000      3247.934      3.732371      1.671723   0.003070217   1.322314E-18  8.138501E-19       1.624764      0.000000      0.000000      0.000000      0.000000      0.000000      0.000000  3.205283E-19
 41      714.0000      157.1910      1.000000      174.0000      3250.615      6.257565      1.673929   0.005147420   7.003563E-19  8.827780E-19      0.7933550      0.000000      0.000000      0.000000      0.000000      0.000000      0.000000  3.172104E-19
 42      714.0000      158.1910      1.000000      172.0000      3246.209      5.160471      1.670305   0.004244960   7.764195E-19  7.973620E-19      0.9737353      0.000000      0.000000      0.000000      0.000000      0.000000      0.000000  2.820940E-19
 43      714.0000      159.1910      1.000000      173.0000      3247.523      3.363600      1.671385   0.002766869   6.481407E-19  7.458838E-19      0.8689566      0.000000      0.000000      0.000000      0.000000      0.000000      0.000000  2.958287E-19
 44      714.0000      160.1910      1.000000      172.0000      3246.975      4.514584      1.670934   0.003713659   1.394755E-18  7.182610E-19       1.941850      0.000000      0.000000      0.000000      0.000000      0.000000      0.000000  2.711068E-19
 45      714.0000      161.1910      1.000000      172.0000      3245.904      3.214403      1.670053   0.002644141   1.262138E-18  7.562367E-19       1.668972      0.000000      0.000000      0.000000      0.000000      0.000000      0.000000  3.212919E-19
 46      714.0000      162.1910      1.000000      173.0000      3247.893      6.211073      1.671690   0.005109177   6.493590E-19  7.645163E-19      0.8493724      0.000000      0.000000      0.000000      0.000000      0.000000      0.000000  3.190125E-19
 47      714.0000      163.1910      1.000000      173.0000      3247.899      5.169645      1.671694   0.004252507   8.492432E-19  7.238602E-19       1.173214      0.000000      0.000000      0.000000      0.000000      0.000000      0.000000  2.912623E-19
 48      714.0000      164.1910      1.000000      173.0000      3247.406      7.072058      1.671289   0.005817416   6.871690E-19  7.044750E-19      0.9754341      0.000000      0.000000      0.000000      0.000000      0.000000      0.000000  3.100226E-19
 49      714.0000      165.1910      1.000000      170.0000      3243.080      4.233109      1.667731   0.003482120   1.394835E-18  7.835176E-19       1.780222      0.000000      0.000000      0.000000      0.000000      0.000000      0.000000  3.014461E-19
 50      714.0000      166.1910      1.000000      173.0000      3249.045      4.106251      1.672637   0.003377768   1.488440E-18  7.616530E-19       1.954223      0.000000      0.000000      0.000000      0.000000      0.000000      0.000000  3.071135E-19
 51      714.0000      167.1910      1.000000      173.0000      3247.717      4.040381      1.671545   0.003323584   1.424131E-18  7.289672E-19       1.953628      0.000000      0.000000      0.000000      0.000000      0.000000      0.000000  3.296943E-19
 52      714.0000      168.1910      1.000000      171.0000      3244.039      6.246478      1.668519   0.005138300   1.340536E-18  8.395565E-19       1.596720      0.000000      0.000000      0.000000      0.000000      0.000000      0.000000  3.342290E-19
 53      714.0000      169.1910      1.000000      171.0000      3244.537      2.850140      1.668929   0.002344502   2.378494E-18  7.875100E-19       3.020271      1.404431     0.4750281      3245.347      3.066209      12.70974      5.804835  2.841373E-19
 54      714.0000      170.1910      1.000000      171.0000      3244.939      2.546652      1.669260   0.002094855   2.816797E-18  7.052331E-19       3.994136      1.663030     0.4319465      3246.159      1.306998      10.02471      3.969231  3.136283E-19
 55      714.0000      171.1910      1.000000      172.0000      3245.561      1.814432      1.669771   0.001492536   2.997788E-18  6.855502E-19       4.372821      1.769548     0.4227532      3246.649      1.386191      11.74820      3.477069  2.784116E-19
 56      714.0000      172.1910      1.000000      172.0000      3245.746      2.024176      1.669924   0.001665071   3.255680E-18  7.646314E-19       4.257843      1.921668     0.4704673      3246.285      1.367367      12.44833      3.257036  3.295991E-19
 57      714.0000      173.1910      1.000000      172.0000      3246.824      1.579062      1.670810   0.001298923   3.521468E-18  7.428453E-19       4.740513      2.077859     0.4612536      3247.152      1.136074      11.09468      3.236082  3.390714E-19
 58      714.0000      174.1910      1.000000      172.0000      3247.119     0.9484645      1.671053  0.0007801990   4.107619E-18  6.544380E-19       6.276560      2.423500     0.4208961      3246.344     0.6488112      10.24297      1.947671  3.014000E-19
 59      714.0000      175.1910      1.000000      172.0000      3247.260      1.421748      1.671169   0.001169518   3.987941E-18  7.211425E-19       5.530032      2.352788     0.4554830      3246.067     0.6187788      9.371929      1.282249  3.415195E-19
 60      714.0000      176.1910      1.000000      172.0000      3246.885      1.407671      1.670861   0.001157938   3.861728E-18  7.238240E-19       5.335175      2.278588     0.4552071      3246.745     0.7063583      9.037916      1.499035  3.195116E-19
 61      714.0000      177.1910      1.000000      172.0000      3246.386      1.486105      1.670450   0.001222457   4.256879E-18  7.762737E-19       5.483735      2.512131     0.4899151      3245.929     0.6535602      9.588130      1.772277  3.566903E-19
 62      714.0000      178.1910      1.000000      172.0000      3245.517      1.565106      1.669735   0.001287443   4.165098E-18  7.558403E-19       5.510553      2.458626     0.4774410      3245.374     0.5453399      8.887873      1.516829  3.573518E-19
 63      714.0000      179.1910      1.000000      172.0000      3246.801      1.544668      1.670792   0.001270631   4.534204E-18  7.430155E-19       6.102435      2.675448     0.4758349      3246.123     0.5644072      9.509830      1.295609  3.457151E-19
 64      714.0000      180.1910      1.000000      172.0000      3246.977      1.154556      1.670936  0.0009497280   5.551211E-18  7.712821E-19       7.197381      3.275365     0.5082899      3246.312     0.8107944      12.12401      2.245336  3.416239E-19
 65      714.0000      181.1910      1.000000      173.0000      3247.654      1.185741      1.671493  0.0009753807   4.890282E-18  7.349415E-19       6.653974      2.884797     0.4772083      3246.864     0.7509933      11.02092      2.107637  2.739203E-19
 66      714.0000      182.1910      1.000000      173.0000      3247.812      1.040456      1.671623  0.0008558701   4.802407E-18  7.266931E-19       6.608577      2.832822     0.4712689      3246.806     0.6598720      10.08998      1.795188  3.107161E-19
 67      714.0000      183.1910      1.000000      173.0000      3248.546      1.064067      1.672227  0.0008752928   4.984042E-18  7.555966E-19       6.596169      2.939299     0.4897437      3246.930     0.7943313      11.45068      2.171134  3.367887E-19
 68      714.0000      184.1910      1.000000      173.0000      3248.438      1.088920      1.672137  0.0008957367   5.238114E-18  7.208182E-19       7.266900      3.089239     0.4757331      3247.516     0.7094907      11.47186      1.972677  2.942083E-19
 69      714.0000      185.1910      1.000000      173.0000      3248.901      1.231529      1.672518   0.001013046   5.284562E-18  7.661776E-19       6.897306      3.116188     0.5005227      3247.704     0.7583951      12.40876      2.224946  3.174748E-19
 70      714.0000      186.1910      1.000000      173.0000      3248.973      1.075337      1.672578  0.0008845631   4.543691E-18  7.813136E-19       5.815452      2.679254     0.4965462      3248.462     0.7286459      11.16703      1.668167  3.784369E-19
 71      714.0000      187.1910      1.000000      174.0000      3250.033      1.249716      1.673450   0.001028006   5.586402E-18  7.429940E-19       7.518771      3.293029     0.4935982      3248.992     0.7132756      12.76093      1.636959  3.012353E-19
 72      714.0000      188.1910      1.000000      173.0000      3249.198      1.362076      1.672764   0.001120432   5.552778E-18  8.075933E-19       6.875712      3.274049     0.5272245      3249.310     0.8817163      12.59162      3.195611  3.166576E-19
 73      714.0000      189.1910      1.000000      174.0000      3249.842      1.391004      1.673293   0.001144228   6.134953E-18  7.644476E-19       8.025342      3.616597     0.5153482      3249.620     0.7122185      12.56876      2.130157  3.723337E-19
 74      714.0000      190.1910      1.000000      174.0000      3249.500      1.233485      1.673012   0.001014654   5.804241E-18  8.037156E-19       7.221760      3.422000     0.5296091      3249.686     0.7111090      12.93280      2.170460  3.556398E-19
 75      714.0000      191.1910      1.000000      173.0000      3248.114      1.121515      1.671871  0.0009225491   5.842713E-18  7.370364E-19       7.927306      3.446153     0.4957111      3248.893     0.6191733      11.17360      1.792740  2.947029E-19
 76      714.0000      192.1910      1.000000      174.0000      3249.432      1.488515      1.672956   0.001224440   4.835197E-18  7.726708E-19       6.257771      2.850741     0.4963476      3249.024     0.7208588      10.78177      1.532941  3.260253E-19
 77      714.0000      193.1910      1.000000      174.0000      3249.517      1.201255      1.673025  0.0009881423   6.116810E-18  7.475797E-19       8.182151      3.606263     0.5063622      3249.288     0.6114714      12.68758      1.785116  3.040204E-19
 78      714.0000      194.1910      1.000000      174.0000      3250.567      1.023262      1.673889  0.0008417264   5.604117E-18  7.414333E-19       7.558491      3.302929     0.4930349      3249.573     0.5881062      11.66057      1.294265  3.618697E-19
 79      714.0000      195.1910      1.000000      174.0000      3250.589      1.020793      1.673907  0.0008396956   5.968280E-18  7.717945E-19       7.732992      3.517534     0.5157848      3249.980     0.5890374      11.83688      1.575658  3.205511E-19
 80      714.0000      196.1910      1.000000      174.0000      3250.529      1.453166      1.673858   0.001195362   5.596914E-18  7.671373E-19       7.295843      3.298722     0.5063843      3250.043     0.6252698      11.13281      1.337753  3.307005E-19
 81      714.0000      197.1910      1.000000      174.0000      3250.970      1.157882      1.674221  0.0009524639   5.427055E-18  7.383269E-19       7.350477      3.198176     0.4880426      3249.776     0.5397211      11.06145      1.228474  3.253116E-19
 82      714.0000      198.1910      1.000000      174.0000      3250.708      1.003515      1.674005  0.0008254828   6.043019E-18  7.603905E-19       7.947257      3.561452     0.5113076      3249.979     0.6285099      12.39576      1.652985  3.423049E-19
 83      714.0000      199.1910      1.000000      173.0000      3249.233      1.237842      1.672791   0.001018238   5.884819E-18  7.846223E-19       7.500194      3.469792     0.5211081      3249.721     0.5664351      10.26590      2.190106  3.585854E-19
 84      714.0000      200.1910      1.000000      174.0000      3250.263      1.370444      1.673639   0.001127316   4.712682E-18  7.403514E-19       6.365467      2.777799     0.4767638      3250.060     0.5735971      10.00375      1.411715  2.917834E-19
 85      714.0000      201.1910      1.000000      174.0000      3250.143      1.166463      1.673541  0.0009595231   5.223539E-18  7.665806E-19       6.814076      3.079027     0.4994812      3250.519     0.6320267      11.76848      1.799028  3.649795E-19
 86      714.0000      202.1910      1.000000      174.0000      3250.250      1.274712      1.673628   0.001048568   5.411222E-18  7.706665E-19       7.021483      3.189552     0.5049366      3250.680     0.7375440      11.57484      1.759326  3.248617E-19
 87      714.0000      203.1910      1.000000      174.0000      3249.699     0.9211469      1.673175  0.0007577277   5.092197E-18  7.101028E-19       7.171070      3.002017     0.4672409      3249.758     0.6353065      12.04778      2.151479  2.931432E-19
 88      714.0000      204.1910      1.000000      174.0000      3250.520      1.468858      1.673851   0.001208270   4.785543E-18  7.235806E-19       6.613698      2.820522     0.4689223      3250.378     0.5169197      10.89264      1.372290  3.276810E-19
 89      714.0000      205.1910      1.000000      174.0000      3250.920      1.563710      1.674180   0.001286295   4.286930E-18  7.604135E-19       5.637630      2.526337     0.4809466      3250.853     0.6292638      10.13987      1.296753  3.064560E-19
 90      714.0000      206.1910      1.000000      175.0000      3252.037      1.914602      1.675098   0.001574935   3.827871E-18  7.769727E-19       4.926648      2.255034     0.4835374      3250.737     0.5900195      9.496116      1.281951  4.287307E-19
 91      714.0000      207.1910      1.000000      174.0000      3251.019      1.368752      1.674261   0.001125924   4.313392E-18  7.671495E-19       5.622622      2.541854     0.4850222      3251.193     0.5182052      8.899400      1.455704  3.519420E-19
 92      714.0000      208.1910      1.000000      174.0000      3250.833      1.276522      1.674108   0.001050057   4.073489E-18  7.551791E-19       5.394070      2.400618     0.4749794      3250.991     0.5945428      9.356885      1.552611  3.605134E-19
 93      714.0000      209.1910      1.000000      175.0000      3252.445      1.712006      1.675434   0.001408282   3.460397E-18  7.279951E-19       4.753325      2.038295     0.4513698      3251.123     0.5857657      8.687111      1.226403  2.868574E-19
 94      714.0000      210.1910      1.000000      175.0000      3252.627      1.974244      1.675584   0.001623997   3.101975E-18  7.131306E-19       4.349799      1.827070     0.4386127      3251.238     0.6563524      9.069682      1.499612  3.413704E-19
 95      714.0000      211.1910      1.000000      174.0000      3250.137      1.864645      1.673535   0.001533841   3.649662E-18  7.548237E-19       4.835118      2.151306     0.4691278      3250.396     0.8944210      10.01480      2.203304  3.014160E-19
 96      714.0000      212.1910      1.000000      174.0000      3251.099      2.143729      1.674326   0.001763414   3.130101E-18  7.495608E-19       4.175913      1.844503     0.4597353      3251.721      1.115267      11.21922      2.210737  3.495335E-19
 97      714.0000      213.1910      1.000000      175.0000      3252.316      2.170393      1.675328   0.001785347   2.815649E-18  7.563388E-19       3.722735      1.658582     0.4600435      3251.913      1.061235      9.665942      2.302132  2.915588E-19
 98      714.0000      214.1910      1.000000      172.0000      3247.225      5.097437      1.671140   0.004193109   1.476218E-18  1.142693E-18       1.291876      0.000000      0.000000      0.000000      0.000000      0.000000      0.000000  4.567745E-19
 99      714.0000      215.1910      1.000000      173.0000      3247.865      1.846526      1.671666   0.001518937   2.568035E-18  7.850139E-19       3.271324      1.514796     0.4747448      3250.310      3.243557      14.11865      9.168083  3.806683E-19
100      714.0000      216.1910      1.000000      174.0000      3250.462      2.502537      1.673803   0.002058566   2.711105E-18  6.907590E-19       3.924820      1.597910     0.4218476      3250.952      2.273907      16.63094      6.569237  2.806952E-19
101      714.0000      217.1910      1.000000      175.0000      3251.771      3.510413      1.674880   0.002887636   2.007516E-18  8.148405E-19       2.463692      1.182742     0.4869813      3250.597      3.312109      13.54360      8.286191  3.124336E-19
102      714.0000      218.1910      1.000000      174.0000      3249.560      2.845336      1.673061   0.002340550   1.675231E-18  8.089527E-19       2.070863     0.9876456     0.4817864      3249.869      2.460617      10.72269      5.161517  4.332384E-19
103      714.0000      219.1910      1.000000      173.0000      3247.916      4.167848      1.671708   0.003428437   1.111379E-18  7.646083E-19       1.453528      0.000000      0.000000      0.000000      0.000000      0.000000      0.000000  2.941208E-19
104      714.0000      220.1910      1.000000      174.0000      3250.926      4.887669      1.674184   0.004020555   9.020703E-19  7.920174E-19       1.138953      0.000000      0.000000      0.000000      0.000000      0.000000      0.000000  3.590302E-19
105      714.0000      221.1910      1.000000      174.0000      3249.810      3.592521      1.673267   0.002955178   1.675285E-18  7.768697E-19       2.156456     0.9876018     0.4630349      3250.808      5.197451      15.34570      16.85274  3.729559E-19
106      714.0000      222.1910      1.000000      173.0000      3248.823      6.233043      1.672454   0.005127249   1.442538E-18  8.054896E-19       1.790884      0.000000      0.000000      0.000000      0.000000      0.000000      0.000000  3.365864E-19
107      714.0000      223.1910      1.000000      178.0000      3257.770      1.062679      1.679815  0.0008741505   8.297261E-19  8.506476E-19      0.9754052      0.000000      0.000000      0.000000      0.000000      0.000000      0.000000  3.133438E-19
108      714.0000      224.1910      1.000000      175.0000      3252.053      8.615780      1.675112   0.007087268   4.232575E-19  7.448622E-19      0.5682360      0.000000      0.000000      0.000000      0.000000      0.000000      0.000000  2.994180E-19
109      714.0000      225.1910      1.000000      174.0000      3249.755      11.45065      1.673221   0.009419213   6.309835E-19  7.521207E-19      0.8389392      0.000000      0.000000      0.000000      0.000000      0.000000      0.000000  2.976699E-19
110      714.0000      226.1910      1.000000      173.0000      3248.254      7.645745      1.671987   0.006289326   1.343737E-19  8.187761E-19      0.1641153      0.000000      0.000000      0.000000      0.000000      0.000000      0.000000  3.880641E-19
111      714.0000      227.1910      1.000000      173.0000      3247.727      10.99012      1.671553   0.009040377   8.212838E-20  7.239622E-19      0.1134429      0.000000      0.000000      0.000000      0.000000      0.000000      0.000000  3.136094E-19
112      714.0000      228.1910      1.000000      171.0000      3244.671      16.17947      1.669039    0.01330910   1.126966E-20  8.148531E-19     0.01383030      0.000000      0.000000      0.000000      0.000000      0.000000      0.000000  4.042593E-19
113      714.0000      229.1910      1.000000      165.0000      3233.500     0.5677528      1.659850  0.0004670287  -3.325395E-19  7.749836E-19     -0.4290923      0.000000      0.000000      0.000000      0.000000      0.000000      0.000000  3.420213E-19
114      714.0000      230.1910      1.000000      173.0000      3248.354      4.958504      1.672069   0.004078824  -8.990762E-19  7.690007E-19      -1.169149      0.000000      0.000000      0.000000      0.000000      0.000000      0.000000  3.089264E-19
115      714.0000      231.1910      1.000000      174.0000      3250.863      7.173509      1.674133   0.005900869  -5.792615E-19  8.318911E-19     -0.6963189      0.000000      0.000000      0.000000      0.000000      0.000000      0.000000  2.815076E-19
116      714.0000      232.1910      1.000000      173.0000      3249.075      10.14978      1.672662   0.008349121  -3.683283E-19  7.627880E-19     -0.4828710      0.000000      0.000000      0.000000      0.000000      0.000000      0.000000  3.255894E-19
117      714.0000      233.1910      1.000000      171.0000      3244.244      4.815662      1.668688   0.003961323  -8.837870E-19  7.854079E-19      -1.125259      0.000000      0.000000      0.000000      0.000000      0.000000      0.000000  2.814152E-19
118      714.0000      234.1910      1.000000      172.0000      3247.318      11.64480      1.671217   0.009578917  -3.217148E-19  7.745952E-19     -0.4153328      0.000000      0.000000      0.000000      0.000000      0.000000      0.000000  2.601557E-19
119      714.0000      235.1910      1.000000      173.0000      3248.756      8.848994      1.672400   0.007279109  -4.018662E-19  7.778246E-19     -0.5166540      0.000000      0.000000      0.000000      0.000000      0.000000      0.000000  2.511764E-19
120      714.0000      236.1910      1.000000      172.0000      3245.554      8.957315      1.669766   0.007368213   6.827936E-19  7.845312E-19      0.8703205      0.000000      0.000000      0.000000      0.000000      0.000000      0.000000  3.298810E-19
121      714.0000      237.1910      1.000000      175.0000      3251.382      7.090441      1.674559   0.005832537   1.647211E-19  8.310740E-19      0.1982027      0.000000      0.000000      0.000000      0.000000      0.000000      0.000000  3.473630E-19
122      714.0000      238.1910      1.000000      173.0000      3248.090      7.101155      1.671852   0.005841351   1.142472E-19  7.868015E-19      0.1452047      0.000000      0.000000      0.000000      0.000000      0.000000      0.000000  2.819335E-19
123      714.0000      239.1910      1.000000      172.0000      3246.958     0.9423891      1.670921  0.0007752014   4.553538E-19  8.560091E-19      0.5319497      0.000000      0.000000      0.000000      0.000000      0.000000      0.000000  2.534422E-19
124      714.0000      240.1910      1.000000      168.0000      3238.423      1.059427      1.663899  0.0008714754  -6.071832E-21  7.263269E-19   -0.008359641      0.000000      0.000000      0.000000      0.000000      0.000000      0.000000  2.927594E-19
125      714.0000      241.1910      1.000000      174.0000      3249.449      10.64410      1.672969   0.008755750  -1.636378E-19  7.661102E-19     -0.2135956      0.000000      0.000000      0.000000      0.000000      0.000000      0.000000  2.617149E-19
126      714.0000      242.1910      1.000000      172.0000      3246.484      5.469445      1.670531   0.004499119  -2.506848E-19  7.636104E-19     -0.3282889      0.000000      0.000000      0.000000      0.000000      0.000000      0.000000  2.871886E-19
127      714.0000      243.1910      1.000000      173.0000      3247.890      2.413675      1.671687   0.001985469   1.596987E-19  8.318827E-19      0.1919726      0.000000      0.000000      0.000000      0.000000      0.000000      0.000000  2.761031E-19
128      714.0000      244.1910      1.000000      173.0000      3248.550      7.103369      1.672230   0.005843172  -3.658593E-19  7.691631E-19     -0.4756589      0.000000      0.000000      0.000000      0.000000      0.000000      0.000000  2.890497E-19
129      714.0000      245.1910      1.000000      174.0000      3250.226      6.756981      1.673609   0.005558237  -1.126537E-19  7.805245E-19     -0.1443307      0.000000      0.000000      0.000000      0.000000      0.000000      0.000000  3.433182E-19
130      714.0000      246.1910      1.000000      174.0000      3250.782      4.317854      1.674066   0.003551831  -8.552352E-19  7.440371E-19      -1.149452      0.000000      0.000000      0.000000      0.000000      0.000000      0.000000  3.169914E-19
131      714.0000      247.1910      1.000000      173.0000      3248.154      4.199764      1.671905   0.003454691  -9.805654E-19  7.956156E-19      -1.232461      0.000000      0.000000      0.000000      0.000000      0.000000      0.000000  3.298375E-19
132      714.0000      248.1910      1.000000      173.0000      3247.842      5.416127      1.671648   0.004455260  -7.771435E-19  8.162259E-19     -0.9521182      0.000000      0.000000      0.000000      0.000000      0.000000      0.000000  3.139369E-19
133      714.0000      249.1910      1.000000      173.0000      3249.084      6.793997      1.672670   0.005588685   1.639795E-20  7.568880E-19     0.02166497      0.000000      0.000000      0.000000      0.000000      0.000000      0.000000  3.190033E-19
134      714.0000      250.1910      1.000000      171.0000      3244.914     0.8454050      1.669239  0.0006954230  -4.681004E-19  8.287872E-19     -0.5648017      0.000000      0.000000      0.000000      0.000000      0.000000      0.000000  3.039350E-19
135      714.0000      251.1910      1.000000      173.0000      3248.999      7.629180      1.672600   0.006275700  -3.881892E-19  7.524052E-19     -0.5159311      0.000000      0.000000      0.000000      0.000000      0.000000      0.000000  3.502504E-19
136      714.0000      252.1910      1.000000      171.0000      3244.992      7.847002      1.669304   0.006454878  -3.413501E-19  8.159339E-19     -0.4183551      0.000000      0.000000      0.000000      0.000000      0.000000      0.000000  3.351057E-19
137      714.0000      253.1910      1.000000      173.0000      3247.730      7.677474      1.671555   0.006315426  -1.017840E-19  7.894688E-19     -0.1289272      0.000000      0.000000      0.000000      0.000000      0.000000      0.000000  2.860389E-19
138      714.0000      254.1910      1.000000      171.0000      3244.240     0.8054578      1.668684  0.0006625628  -6.289763E-19  7.482684E-19     -0.8405758      0.000000      0.000000      0.000000      0.000000      0.000000      0.000000  2.806289E-19
139      714.0000      255.1910      1.000000      173.0000      3248.228      5.525324      1.671965   0.004545086  -5.165335E-19  7.893096E-19     -0.6544118      0.000000      0.000000      0.000000      0.000000      0.000000      0.000000  3.103783E-19
140      714.0000      256.1910      1.000000      169.0000      3240.299     0.8612831      1.665442  0.0007084843   7.510615E-20  7.728456E-19     0.09718132      0.000000      0.000000      0.000000      0.000000      0.000000      0.000000  2.603519E-19
141      714.0000      257.1910      1.000000      174.0000      3250.007      7.583316      1.673428   0.006237972   3.510755E-19  8.748869E-19      0.4012810      0.000000      0.000000      0.000000      0.000000      0.000000      0.000000  3.361803E-19
