  1      714.0000      117.1910      1.000000      1032.000      5096.131      6.532259      1.671334   0.003424136  -1.188466E-19  1.171314E-19      -1.014643      0.000000      0.000000      0.000000      0.000000      0.000000      0.000000  3.945638E-20
  2      714.0000      118.1910      1.000000      1031.000      5094.701      3.588156      1.670585   0.001880871  -6.895000E-20  1.320989E-19     -0.5219574      0.000000      0.000000      0.000000      0.000000      0.000000      0.000000  3.742347E-20
  3      714.0000      119.1910      1.000000      1032.000      5095.265      9.643143      1.670880   0.005054826  -2.369325E-20  1.237347E-19     -0.1914843      0.000000      0.000000      0.000000      0.000000      0.000000      0.000000  5.304715E-20
  4      714.0000      120.1910      1.000000      1026.000      5082.277     0.7409494      1.664072  0.0003883973   1.159453E-20  1.253723E-19     0.09248086      0.000000      0.000000      0.000000      0.000000      0.000000      0.000000  3.846281E-20
  5      714.0000      121.1910      1.000000      1031.000      5093.757      1.083574      1.670090  0.0005679973  -7.669459E-20  1.242305E-19     -0.6173571      0.000000      0.000000      0.000000      0.000000      0.000000      0.000000  4.630702E-20
  6      714.0000      122.1910      1.000000      1028.000      5087.592     0.5245556      1.666858  0.0002749661   3.762752E-20  1.262355E-19      0.2980741      0.000000      0.000000      0.000000      0.000000      0.000000      0.000000  4.537609E-20
  7      714.0000      123.1910      1.000000      1032.000      5095.775      9.286045      1.671148   0.004867640  -3.318646E-20  1.270861E-19     -0.2611336      0.000000      0.000000      0.000000      0.000000      0.000000      0.000000  4.207429E-20
  8      714.0000      124.1910      1.000000      1034.000      5099.937      7.320947      1.673329   0.003837558   2.439739E-20  1.164938E-19      0.2094309      0.000000      0.000000      0.000000      0.000000      0.000000      0.000000  4.829365E-20
  9      714.0000      125.1910      1.000000      1032.000      5096.054      9.988282      1.671294   0.005235745  -2.120006E-20  1.254034E-19     -0.1690549      0.000000      0.000000      0.000000      0.000000      0.000000      0.000000  4.192133E-20
 10      714.0000      126.1910      1.000000      1034.000      5101.231     0.9826410      1.674008  0.0005150893   2.789107E-20  1.199552E-19      0.2325124      0.000000      0.000000      0.000000      0.000000      0.000000      0.000000  3.975168E-20
 11      714.0000      127.1910      1.000000      1032.000      5096.409      7.643701      1.671480   0.004006742  -3.437979E-20  1.228807E-19     -0.2797817      0.000000      0.000000      0.000000      0.000000      0.000000      0.000000  3.725453E-20
 12      714.0000      128.1910      1.000000      1031.000      5093.193      6.746288      1.669794   0.003536328   1.084752E-19  1.199018E-19      0.9047001      0.000000      0.000000      0.000000      0.000000      0.000000      0.000000  4.407626E-20
 13      714.0000      129.1910      1.000000      1032.000      5095.806      7.775512      1.671164   0.004075835   3.125210E-20  1.288787E-19      0.2424923      0.000000      0.000000      0.000000      0.000000      0.000000      0.000000  5.287495E-20
 14      714.0000      130.1910      1.000000      1032.000      5096.795      8.032931      1.671683   0.004210772  -6.000924E-20  1.250799E-19     -0.4797672      0.000000      0.000000      0.000000      0.000000      0.000000      0.000000  5.202534E-20
 15      714.0000      131.1910      1.000000      1033.000      5098.182      8.618472      1.672409   0.004517706   9.798682E-20  1.220862E-19      0.8026033      0.000000      0.000000      0.000000      0.000000      0.000000      0.000000  4.616719E-20
 16      714.0000      132.1910      1.000000      1032.000      5095.120      8.575525      1.670804   0.004495193  -4.683714E-20  1.283100E-19     -0.3650310      0.000000      0.000000      0.000000      0.000000      0.000000      0.000000  4.739058E-20
 17      714.0000      133.1910      1.000000      1033.000      5098.542      6.209661      1.672598   0.003255034  -1.721142E-19  1.179285E-19      -1.459479      0.000000      0.000000      0.000000      0.000000      0.000000      0.000000  4.256357E-20
 18      714.0000      134.1910      1.000000      1033.000      5097.279      6.871309      1.671936   0.003601863  -1.105669E-19  1.252513E-19     -0.8827603      0.000000      0.000000      0.000000      0.000000      0.000000      0.000000  4.115794E-20
 19      714.0000      135.1910      1.000000      1031.000      5093.956      15.72866      1.670194   0.008244785   4.298914E-20  1.169184E-19      0.3676851      0.000000      0.000000      0.000000      0.000000      0.000000      0.000000  3.790850E-20
 20      714.0000      136.1910      1.000000      1034.000      5100.803      6.868192      1.673783   0.003600229  -4.758245E-20  1.257246E-19     -0.3784657      0.000000      0.000000      0.000000      0.000000      0.000000      0.000000  5.531065E-20
 21      714.0000      137.1910      1.000000      1034.000      5100.447     0.9881446      1.673597  0.0005179742   1.778423E-20  1.258026E-19      0.1413662      0.000000      0.000000      0.000000      0.000000      0.000000      0.000000  5.028919E-20
 22      714.0000      138.1910      1.000000      1032.000      5095.216      14.04171      1.670855   0.007360505   8.913655E-21  1.257061E-19     0.07090866      0.000000      0.000000      0.000000      0.000000      0.000000      0.000000  4.764830E-20
 23      714.0000      139.1910      1.000000      1033.000      5097.779      7.582601      1.672198   0.003974714  -6.824583E-20  1.294197E-19     -0.5273217      0.000000      0.000000      0.000000      0.000000      0.000000      0.000000  4.207873E-20
 24      714.0000      140.1910      1.000000      1034.000      5100.498     0.4804372      1.673623  0.0002518398   7.238874E-20  1.248490E-19      0.5798105      0.000000      0.000000      0.000000      0.000000      0.000000      0.000000  4.975276E-20
 25      714.0000      141.1910      1.000000      1033.000      5097.513      7.798357      1.672059   0.004087810  -4.363875E-20  1.202234E-19     -0.3629805      0.000000      0.000000      0.000000      0.000000      0.000000      0.000000  4.368581E-20
 26      714.0000      142.1910      1.000000      1032.000      5096.171      7.636395      1.671355   0.004002912  -3.499411E-20  1.321274E-19     -0.2648513      0.000000      0.000000      0.000000      0.000000      0.000000      0.000000  5.560114E-20
 27      714.0000      143.1910      1.000000      1031.000      5092.645     0.5271688      1.669507  0.0002763359  -4.788139E-21  1.193524E-19    -0.04011765      0.000000      0.000000      0.000000      0.000000      0.000000      0.000000  4.739983E-20
 28      714.0000      144.1910      1.000000      1033.000      5097.040      10.05531      1.671811   0.005270877   1.670889E-20  1.123235E-19      0.1487568      0.000000      0.000000      0.000000      0.000000      0.000000      0.000000  5.032449E-20
 29      714.0000      145.1910      1.000000      1032.000      5095.709      8.302878      1.671113   0.004352275  -5.250174E-20  1.162178E-19     -0.4517528      0.000000      0.000000      0.000000      0.000000      0.000000      0.000000  3.711927E-20
 30      714.0000      146.1910      1.000000      1032.000      5096.047      8.683546      1.671290   0.004551817  -2.170180E-20  1.204879E-19     -0.1801160      0.000000      0.000000      0.000000      0.000000      0.000000      0.000000  5.128419E-20
 31      714.0000      147.1910      1.000000      1032.000      5095.260      5.156872      1.670878   0.002703174   9.101236E-21  1.167016E-19     0.07798726      0.000000      0.000000      0.000000      0.000000      0.000000      0.000000  4.591375E-20
 32      714.0000      148.1910      1.000000      1033.000      5099.025      5.027927      1.672852   0.002635583  -1.247335E-19  1.156695E-19      -1.078361      0.000000      0.000000      0.000000      0.000000      0.000000      0.000000  4.146936E-20
 33      714.0000      149.1910      1.000000      1032.000      5095.949      5.672094      1.671239   0.002973248  -1.486216E-19  1.228697E-19      -1.209587      0.000000      0.000000      0.000000      0.000000      0.000000      0.000000  4.410362E-20
 34      714.0000      150.1910      1.000000      1034.000      5099.270      10.00819      1.672980   0.005246178  -6.756469E-20  1.229267E-19     -0.5496341      0.000000      0.000000      0.000000      0.000000      0.000000      0.000000  4.802628E-20
 35      714.0000      151.1910      1.000000      1032.000      5095.244      9.479302      1.670869   0.004968943   9.162392E-20  1.235369E-19      0.7416726      0.000000      0.000000      0.000000      0.000000      0.000000      0.000000  4.664611E-20
 36      714.0000      152.1910      1.000000      1030.000      5091.518      11.04471      1.668916   0.005789512  -1.041879E-20  1.264893E-19    -0.08236894      0.000000      0.000000      0.000000      0.000000      0.000000      0.000000  4.766541E-20
 37      714.0000      153.1910      1.000000      1033.000      5098.625      9.858853      1.672642   0.005167900  -1.421567E-20  1.196905E-19     -0.1187702      0.000000      0.000000      0.000000      0.000000      0.000000      0.000000  3.993648E-20
 38      714.0000      154.1910      1.000000      1032.000      5095.047      8.115731      1.670766   0.004254174   1.094497E-20  1.283258E-19     0.08529046      0.000000      0.000000      0.000000      0.000000      0.000000      0.000000  5.513980E-20
 39      714.0000      155.1910      1.000000      1035.000      5102.602     0.5472441      1.674726  0.0002868592  -3.779185E-20  1.253732E-19     -0.3014350      0.000000      0.000000      0.000000      0.000000      0.000000      0.000000  4.351951E-20
 40      714.0000      156.1910      1.000000      1032.000      5096.122      9.895327      1.671329   0.005187018  -5.625505E-20  1.187482E-19     -0.4737340      0.000000      0.000000      0.000000      0.000000      0.000000      0.000000  3.818338E-20
 41      714.0000      157.1910      1.000000      1032.000      5095.487      8.972030      1.670997   0.004703037   1.738683E-20  1.334246E-19      0.1303120      0.000000      0.000000      0.000000      0.000000      0.000000      0.000000  3.608098E-20
 42      714.0000      158.1910      1.000000      1032.000      5096.391      7.300784      1.671471   0.003826988   7.703259E-20  1.261283E-19      0.6107481      0.000000      0.000000      0.000000      0.000000      0.000000      0.000000  4.379078E-20
 43      714.0000      159.1910      1.000000      1032.000      5095.951      1.128915      1.671240  0.0005917645   1.012631E-19  1.235009E-19      0.8199382      0.000000      0.000000      0.000000      0.000000      0.000000      0.000000  4.191704E-20
 44      714.0000      160.1910      1.000000      1033.000      5098.813      9.395178      1.672740   0.004924846  -1.176699E-19  1.318490E-19     -0.8924595      0.000000      0.000000      0.000000      0.000000      0.000000      0.000000  4.614485E-20
 45      714.0000      161.1910      1.000000      1032.000      5096.354      6.571350      1.671451   0.003444627   3.571013E-20  1.291855E-19      0.2764252      0.000000      0.000000      0.000000      0.000000      0.000000      0.000000  4.814271E-20
 46      714.0000      162.1910      1.000000      1030.000      5092.076      15.43955      1.669209   0.008093238   5.500393E-21  1.222759E-19     0.04498344      0.000000      0.000000      0.000000      0.000000      0.000000      0.000000  4.471354E-20
 47      714.0000      163.1910      1.000000      1032.000      5094.772      6.529524      1.670622   0.003422703   5.562657E-20  1.192026E-19      0.4666557      0.000000      0.000000      0.000000      0.000000      0.000000      0.000000  3.857823E-20
 48      714.0000      164.1910      1.000000      1032.000      5094.720      8.606076      1.670595   0.004511208   8.968665E-20  1.209509E-19      0.7415127      0.000000      0.000000      0.000000      0.000000      0.000000      0.000000  4.542955E-20
 49      714.0000      165.1910      1.000000      1031.000      5094.293      7.927563      1.670371   0.004155539  -4.136423E-20  1.238104E-19     -0.3340934      0.000000      0.000000      0.000000      0.000000      0.000000      0.000000  4.574599E-20
 50      714.0000      166.1910      1.000000      1032.000      5096.619      10.28941      1.671590   0.005393591  -6.874141E-20  1.307096E-19     -0.5259094      0.000000      0.000000      0.000000      0.000000      0.000000      0.000000  4.845033E-20
 51      714.0000      167.1910      1.000000      1033.000      5097.638      11.31881      1.672124   0.005933194   9.755847E-20  1.221400E-19      0.7987434      0.000000      0.000000      0.000000      0.000000      0.000000      0.000000  4.379397E-20
 52      714.0000      168.1910      1.000000      1030.000      5091.727      8.784106      1.669026   0.004604529   8.462086E-20  1.334781E-19      0.6339681      0.000000      0.000000      0.000000      0.000000      0.000000      0.000000  4.641591E-20
 53      714.0000      169.1910      1.000000      1031.000      5093.066      4.375860      1.669728   0.002293776   4.454389E-20  1.261109E-19      0.3532121      0.000000      0.000000      0.000000      0.000000      0.000000      0.000000  4.201720E-20
 54      714.0000      170.1910      1.000000      1032.000      5095.643      5.802492      1.671078   0.003041601   1.703620E-19  1.176448E-19       1.448105      0.000000      0.000000      0.000000      0.000000      0.000000      0.000000  4.187614E-20
 55      714.0000      171.1910      1.000000      1030.000      5090.689      8.224157      1.668482   0.004311010   1.004333E-19  1.245377E-19      0.8064489      0.000000      0.000000      0.000000      0.000000      0.000000      0.000000  4.629153E-20
 56      714.0000      172.1910      1.000000      1032.000      5095.468      6.660062      1.670987   0.003491129  -1.973224E-20  1.291445E-19     -0.1527920      0.000000      0.000000      0.000000      0.000000      0.000000      0.000000  5.575617E-20
 57      714.0000      173.1910      1.000000      1031.000      5093.987      8.152737      1.670210   0.004273572   6.238179E-20  1.235745E-19      0.5048114      0.000000      0.000000      0.000000      0.000000      0.000000      0.000000  5.336638E-20
 58      714.0000      174.1910      1.000000      1033.000      5097.967      3.576306      1.672297   0.001874659   1.057612E-19  1.089338E-19      0.9708764      0.000000      0.000000      0.000000      0.000000      0.000000      0.000000  5.230396E-20
 59      714.0000      175.1910      1.000000      1032.000      5095.224      3.642173      1.670859   0.001909186   1.868845E-19  1.160219E-19       1.610769      0.000000      0.000000      0.000000      0.000000      0.000000      0.000000  4.184912E-20
 60      714.0000      176.1910      1.000000      1031.000      5093.173      3.257169      1.669784   0.001707371   2.321557E-19  1.165908E-19       1.991201      0.000000      0.000000      0.000000      0.000000      0.000000      0.000000  4.491174E-20
 61      714.0000      177.1910      1.000000      1031.000      5093.646      4.136449      1.670032   0.002168280   1.239925E-19  1.221980E-19       1.014685      0.000000      0.000000      0.000000      0.000000      0.000000      0.000000  4.346670E-20
 62      714.0000      178.1910      1.000000      1031.000      5092.512      3.564107      1.669437   0.001868265   1.632489E-19  1.215358E-19       1.343216      0.000000      0.000000      0.000000      0.000000      0.000000      0.000000  5.089142E-20
 63      714.0000      179.1910      1.000000      1030.000      5090.739      4.122302      1.668508   0.002160864   2.055536E-19  1.244484E-19       1.651717      0.000000      0.000000      0.000000      0.000000      0.000000      0.000000  5.170474E-20
 64      714.0000      180.1910      1.000000      1031.000      5093.768      2.514719      1.670096   0.001318187   3.040638E-19  1.239538E-19       2.453042     0.1794623    0.07420346      5092.859      4.073156      14.61318      10.46418  4.661353E-20
 65      714.0000      181.1910      1.000000      1031.000      5093.899      3.754896      1.670164   0.001968274   2.596659E-19  1.235026E-19       2.102514     0.1532542    0.07365676      5094.526      5.360203      17.13687      20.41144  4.458020E-20
 66      714.0000      182.1910      1.000000      1032.000      5095.578      2.696390      1.671044   0.001413417   1.623799E-19  1.233528E-19       1.316386      0.000000      0.000000      0.000000      0.000000      0.000000      0.000000  5.884134E-20
 67      714.0000      183.1910      1.000000      1032.000      5094.926      2.848656      1.670703   0.001493233   3.219402E-19  1.256221E-19       2.562767     0.1899700    0.07528114      5094.891      4.610324      12.66901      9.344415  4.919002E-20
 68      714.0000      184.1910      1.000000      1030.000      5090.753      3.505597      1.668515   0.001837594   2.389726E-19  1.087414E-19       2.197623     0.1411282    0.06495537      5092.050      1.723014      9.995054      4.498720  3.973129E-20
 69      714.0000      185.1910      1.000000      1031.000      5093.446      2.792438      1.669927   0.001463764   2.624126E-19  1.276677E-19       2.055435     0.1548891    0.07611271      5092.118      2.362132      8.670327      4.833316  4.922105E-20
 70      714.0000      186.1910      1.000000      1031.000      5093.907      2.647555      1.670169   0.001387818   3.077328E-19  1.227240E-19       2.507518     0.1816229    0.07351138      5093.386      1.866005      10.46863      3.508492  4.243697E-20
 71      714.0000      187.1910      1.000000      1032.000      5095.994      2.609399      1.671263   0.001367818   2.804439E-19  1.239358E-19       2.262816     0.1654493    0.07400561      5095.640      5.438375      15.97972      11.50481  4.604550E-20
 72      714.0000      188.1910      1.000000      1032.000      5096.239      2.347462      1.671391   0.001230513   2.848966E-19  1.334482E-19       2.134885     0.1680681    0.07957731      5095.826      3.632340      11.79582      5.868115  5.327823E-20
 73      714.0000      189.1910      1.000000      1031.000      5094.561      2.372382      1.670511   0.001243576   3.415940E-19  1.232777E-19       2.770931     0.2015818    0.07407129      5093.357      3.694546      14.94113      11.20756  4.615170E-20
 74      714.0000      190.1910      1.000000      1032.000      5096.642      2.205473      1.671602   0.001156084   3.733130E-19  1.220430E-19       3.058865     0.2202099    0.07358248      5095.592      4.124771      18.49817      14.42374  4.043718E-20
 75      714.0000      191.1910      1.000000      1032.000      5095.142      2.094732      1.670816   0.001098035   4.829637E-19  1.205005E-19       4.007982     0.2849745    0.07378019      5095.138      2.371884      15.44761      7.083691  5.067683E-20
 76      714.0000      192.1910      1.000000      1033.000      5098.413      2.437892      1.672530   0.001277916   3.327604E-19  1.245516E-19       2.671667     0.1962206    0.07468701      5097.975      4.187271      15.73980      10.31409  4.053251E-20
 77      714.0000      193.1910      1.000000      1033.000      5098.188      2.666653      1.672412   0.001397830   3.665443E-19  1.240153E-19       2.955637     0.2161516    0.07464277      5098.586      3.683225      15.41803      8.185044  4.821150E-20
 78      714.0000      194.1910      1.000000      1032.000      5096.528      2.704610      1.671542   0.001417726   3.280158E-19  1.196913E-19       2.740515     0.1934943    0.07186085      5095.325      3.480326      13.69735      8.229312  4.607221E-20
 79      714.0000      195.1910      1.000000      1033.000      5097.507      2.745182      1.672056   0.001438993   3.346847E-19  1.170226E-19       2.860000     0.1973903    0.07035346      5097.622      2.877865      12.61273      10.19927  4.087972E-20
 80      714.0000      196.1910      1.000000      1033.000      5098.319      2.520924      1.672481   0.001321440   3.439871E-19  1.226961E-19       2.803570     0.2028444    0.07369835      5098.310      2.355218      11.17043      6.910816  4.712715E-20
 81      714.0000      197.1910      1.000000      1033.000      5097.568      2.553660      1.672087   0.001338600   3.860114E-19  1.256130E-19       3.073020     0.2276590    0.07573621      5096.346      3.191759      14.88523      25.37123  5.542649E-20
 82      714.0000      198.1910      1.000000      1033.000      5097.659      2.365052      1.672135   0.001239734   3.591441E-19  1.268404E-19       2.831465     0.2118096    0.07622509      5098.863      2.397616      12.62811      6.267797  4.696527E-20
 83      714.0000      199.1910      1.000000      1033.000      5097.655      3.220574      1.672133   0.001688189   2.105481E-19  1.239897E-19       1.698110      0.000000      0.000000      0.000000      0.000000      0.000000      0.000000  5.234730E-20
 84      714.0000      200.1910      1.000000      1032.000      5096.261      2.717157      1.671402   0.001424303   3.922375E-19  1.250256E-19       3.137257     0.2313903    0.07547009      5097.729      3.086529      13.03151      7.437707  4.478486E-20
 85      714.0000      201.1910      1.000000      1033.000      5097.978      2.080331      1.672302   0.001090486   3.352518E-19  1.130497E-19       2.965527     0.1977065    0.06805465      5097.924      1.777056      10.80465      5.083650  3.145715E-20
 86      714.0000      202.1910      1.000000      1033.000      5098.267      2.416306      1.672454   0.001266600   2.329183E-19  1.246568E-19       1.868477      0.000000      0.000000      0.000000      0.000000      0.000000      0.000000  4.628156E-20
 87      714.0000      203.1910      1.000000      1033.000      5097.016      2.701681      1.671798   0.001416191   3.615632E-19  1.156663E-19       3.125915     0.2132632    0.06979884      5097.965      2.480241      14.05653      7.493812  5.000866E-20
 88      714.0000      204.1910      1.000000      1033.000      5098.313      2.611673      1.672478   0.001369009   3.345113E-19  1.215067E-19       2.753026     0.1972568    0.07293683      5097.911      1.769782      10.29562      4.003700  5.419055E-20
 89      714.0000      205.1910      1.000000      1033.000      5098.877      3.715905      1.672774   0.001947835   2.590827E-19  1.315754E-19       1.969082      0.000000      0.000000      0.000000      0.000000      0.000000      0.000000  5.526372E-20
 90      714.0000      206.1910      1.000000      1033.000      5097.284      2.510638      1.671939   0.001316048   2.962123E-19  1.222306E-19       2.423390     0.1747077    0.07309685      5099.631      4.840711      14.96059      13.14544  5.210278E-20
 91      714.0000      207.1910      1.000000      1033.000      5098.027      3.758811      1.672328   0.001970327   2.220417E-19  1.288332E-19       1.723481      0.000000      0.000000      0.000000      0.000000      0.000000      0.000000  5.334614E-20
 92      714.0000      208.1910      1.000000      1032.000      5096.718      2.534974      1.671642   0.001328805   2.758007E-19  1.218810E-19       2.262869     0.1626869    0.07276833      5100.131      5.930090      20.78797      18.84859  4.978723E-20
 93      714.0000      209.1910      1.000000      1033.000      5098.593      3.185187      1.672625   0.001669639   2.273031E-19  1.246283E-19       1.823847      0.000000      0.000000      0.000000      0.000000      0.000000      0.000000  4.770272E-20
 94      714.0000      210.1910      1.000000      1033.000      5098.895      3.502565      1.672783   0.001836005   2.443163E-19  1.217810E-19       2.006195     0.1440536    0.07249160      5100.521      5.092968      1575.570      15631.41  4.797764E-20
 95      714.0000      211.1910      1.000000      1033.000      5098.622      4.273708      1.672640   0.002240230   1.508216E-19  1.225265E-19       1.230931      0.000000      0.000000      0.000000      0.000000      0.000000      0.000000  4.794790E-20
 96      714.0000      212.1910      1.000000      1033.000      5098.675      6.639091      1.672668   0.003480136   1.236357E-20  1.272609E-19     0.09715136      0.000000      0.000000      0.000000      0.000000      0.000000      0.000000  5.134420E-20
 97      714.0000      213.1910      1.000000      1035.000      5102.197      6.017502      1.674514   0.003154306   9.465419E-20  1.232001E-19      0.7682966      0.000000      0.000000      0.000000      0.000000      0.000000      0.000000  4.362410E-20
 98      714.0000      214.1910      1.000000      1033.000      5096.985      5.621274      1.671782   0.002946608   1.646477E-19  1.970891E-19      0.8353972      0.000000      0.000000      0.000000      0.000000      0.000000      0.000000  6.792277E-20
 99      714.0000      215.1910      1.000000      1032.000      5095.354      7.814056      1.670927   0.004096040   1.360620E-19  1.238695E-19       1.098430      0.000000      0.000000      0.000000      0.000000      0.000000      0.000000  4.827045E-20
100      714.0000      216.1910      1.000000      1033.000      5098.294      8.661747      1.672468   0.004540390   1.093606E-19  1.259056E-19      0.8685920      0.000000      0.000000      0.000000      0.000000      0.000000      0.000000  5.039152E-20
101      714.0000      217.1910      1.000000      1032.000      5095.087      11.43478      1.670787   0.005993984  -8.141395E-21  1.333931E-19    -0.06103313      0.000000      0.000000      0.000000      0.000000      0.000000      0.000000  4.443003E-20
102      714.0000      218.1910      1.000000      1032.000      5095.577      8.080654      1.671044   0.004235788   6.536636E-22  1.265305E-19    0.005166055      0.000000      0.000000      0.000000      0.000000      0.000000      0.000000  4.539173E-20
103      714.0000      219.1910      1.000000      1031.000      5094.696      5.392820      1.670582   0.002826856   1.046637E-19  1.213043E-19      0.8628201      0.000000      0.000000      0.000000      0.000000      0.000000      0.000000  3.679984E-20
104      714.0000      220.1910      1.000000      1032.000      5095.582      12.18276      1.671046   0.006386064  -1.987403E-20  1.226046E-19     -0.1620986      0.000000      0.000000      0.000000      0.000000      0.000000      0.000000  4.011949E-20
105      714.0000      221.1910      1.000000      1032.000      5095.717      8.003164      1.671117   0.004195168  -7.568629E-20  1.171438E-19     -0.6460970      0.000000      0.000000      0.000000      0.000000      0.000000      0.000000  3.803353E-20
106      714.0000      222.1910      1.000000      1033.000      5097.671      9.151657      1.672142   0.004797195   4.598897E-21  1.246877E-19     0.03688333      0.000000      0.000000      0.000000      0.000000      0.000000      0.000000  4.857132E-20
107      714.0000      223.1910      1.000000      1031.000      5093.787      6.223723      1.670105   0.003262405  -1.112364E-19  1.280002E-19     -0.8690331      0.000000      0.000000      0.000000      0.000000      0.000000      0.000000  4.429259E-20
108      714.0000      224.1910      1.000000      1032.000      5095.628      7.816293      1.671071   0.004097213  -3.412303E-21  1.199387E-19    -0.02845040      0.000000      0.000000      0.000000      0.000000      0.000000      0.000000  4.615425E-20
109      714.0000      225.1910      1.000000      1033.000      5098.143      11.81064      1.672389   0.006191005   2.232193E-20  1.236407E-19      0.1805387      0.000000      0.000000      0.000000      0.000000      0.000000      0.000000  4.690893E-20
110      714.0000      226.1910      1.000000      1031.000      5094.610      5.906282      1.670537   0.003096007  -7.566421E-20  1.189649E-19     -0.6360213      0.000000      0.000000      0.000000      0.000000      0.000000      0.000000  4.573667E-20
111      714.0000      227.1910      1.000000      1029.000      5090.160      7.376087      1.668204   0.003866461  -1.906527E-20  1.232187E-19     -0.1547271      0.000000      0.000000      0.000000      0.000000      0.000000      0.000000  4.382303E-20
112      714.0000      228.1910      1.000000      1031.000      5094.205      14.25960      1.670325   0.007474719  -1.725285E-20  1.236437E-19     -0.1395369      0.000000      0.000000      0.000000      0.000000      0.000000      0.000000  4.493361E-20
113      714.0000      229.1910      1.000000      1031.000      5093.936      11.77333      1.670184   0.006171446  -3.652377E-20  1.208480E-19     -0.3022290      0.000000      0.000000      0.000000      0.000000      0.000000      0.000000  4.189461E-20
114      714.0000      230.1910      1.000000      1032.000      5095.853      5.697094      1.671188   0.002986352  -8.827935E-20  1.253599E-19     -0.7042072      0.000000      0.000000      0.000000      0.000000      0.000000      0.000000  5.092109E-20
115      714.0000      231.1910      1.000000      1031.000      5093.033      7.015924      1.669710   0.003677668   1.141023E-20  1.229457E-19     0.09280709      0.000000      0.000000      0.000000      0.000000      0.000000      0.000000  4.324327E-20
116      714.0000      232.1910      1.000000      1031.000      5093.132      6.122066      1.669762   0.003209118  -6.940921E-20  1.248118E-19     -0.5561110      0.000000      0.000000      0.000000      0.000000      0.000000      0.000000  4.113247E-20
117      714.0000      233.1910      1.000000      1034.000      5099.492      1.007846      1.673096  0.0005283012   4.193317E-20  1.251704E-19      0.3350087      0.000000      0.000000      0.000000      0.000000      0.000000      0.000000  4.117966E-20
118      714.0000      234.1910      1.000000      1033.000      5098.735      5.246561      1.672699   0.002750188  -1.104214E-19  1.197125E-19     -0.9223879      0.000000      0.000000      0.000000      0.000000      0.000000      0.000000  4.937675E-20
119      714.0000      235.1910      1.000000      1033.000      5097.968      6.416577      1.672297   0.003363497   5.675723E-21  1.176233E-19     0.04825338      0.000000      0.000000      0.000000      0.000000      0.000000      0.000000  4.479184E-20
120      714.0000      236.1910      1.000000      1032.000      5094.776      6.009336      1.670624   0.003150026  -3.400609E-20  1.258557E-19     -0.2701991      0.000000      0.000000      0.000000      0.000000      0.000000      0.000000  5.127178E-20
121      714.0000      237.1910      1.000000      1030.000      5092.310      11.75924      1.669331   0.006164059  -1.854215E-20  1.229255E-19     -0.1508406      0.000000      0.000000      0.000000      0.000000      0.000000      0.000000  4.663655E-20
122      714.0000      238.1910      1.000000      1032.000      5095.696      14.10886      1.671106   0.007395702   5.462544E-20  1.246649E-19      0.4381783      0.000000      0.000000      0.000000      0.000000      0.000000      0.000000  4.806758E-20
123      714.0000      239.1910      1.000000      1031.000      5093.008      7.482350      1.669697   0.003922163   9.620669E-20  1.160343E-19      0.8291225      0.000000      0.000000      0.000000      0.000000      0.000000      0.000000  4.263063E-20
124      714.0000      240.1910      1.000000      1032.000      5095.498      5.836693      1.671002   0.003059529  -7.452536E-20  1.111228E-19     -0.6706576      0.000000      0.000000      0.000000      0.000000      0.000000      0.000000  4.444681E-20
125      714.0000      241.1910      1.000000      1031.000      5094.494      6.814060      1.670476   0.003571853   2.004088E-20  1.282827E-19      0.1562243      0.000000      0.000000      0.000000      0.000000      0.000000      0.000000  5.144678E-20
126      714.0000      242.1910      1.000000      1031.000      5092.670      5.425099      1.669520   0.002843776   2.400308E-20  1.237136E-19      0.1940215      0.000000      0.000000      0.000000      0.000000      0.000000      0.000000  4.510724E-20
127      714.0000      243.1910      1.000000      1032.000      5095.695      6.031727      1.671106   0.003161763  -9.447020E-20  1.257901E-19     -0.7510147      0.000000      0.000000      0.000000      0.000000      0.000000      0.000000  5.102613E-20
128      714.0000      244.1910      1.000000      1031.000      5092.611      4.370946      1.669489   0.002291201   7.431162E-21  1.255391E-19     0.05919399      0.000000      0.000000      0.000000      0.000000      0.000000      0.000000  5.093914E-20
129      714.0000      245.1910      1.000000      1032.000      5095.964      7.363685      1.671247   0.003859960  -1.050489E-19  1.198980E-19     -0.8761520      0.000000      0.000000      0.000000      0.000000      0.000000      0.000000  4.543835E-20
130      714.0000      246.1910      1.000000      1032.000      5096.470      6.879961      1.671512   0.003606398  -1.865958E-20  1.256705E-19     -0.1484802      0.000000      0.000000      0.000000      0.000000      0.000000      0.000000  4.739930E-20
131      714.0000      247.1910      1.000000      1032.000      5096.786      8.370026      1.671678   0.004387473   1.614402E-19  1.262085E-19       1.279155      0.000000      0.000000      0.000000      0.000000      0.000000      0.000000  5.182778E-20
132      714.0000      248.1910      1.000000      1031.000      5093.963      5.906494      1.670198   0.003096117  -1.231118E-19  1.301321E-19     -0.9460528      0.000000      0.000000      0.000000      0.000000      0.000000      0.000000  5.076987E-20
133      714.0000      249.1910      1.000000      1031.000      5093.139      6.736749      1.669766   0.003531328  -1.098677E-19  1.212012E-19     -0.9064907      0.000000      0.000000      0.000000      0.000000      0.000000      0.000000  4.649781E-20
134      714.0000      250.1910      1.000000      1030.000      5092.024      7.460443      1.669182   0.003910680   5.980811E-21  1.286547E-19     0.04648731      0.000000      0.000000      0.000000      0.000000      0.000000      0.000000  4.781144E-20
135      714.0000      251.1910      1.000000      1033.000      5098.119      8.631987      1.672376   0.004524790   4.768653E-20  1.142176E-19      0.4175060      0.000000      0.000000      0.000000      0.000000      0.000000      0.000000  4.225405E-20
136      714.0000      252.1910      1.000000      1033.000      5097.118      10.21428      1.671851   0.005354208   6.323763E-20  1.246239E-19      0.5074279      0.000000      0.000000      0.000000      0.000000      0.000000      0.000000  4.295219E-20
137      714.0000      253.1910      1.000000      1032.000      5095.462      5.052263      1.670984   0.002648339  -7.127945E-20  1.249188E-19     -0.5706063      0.000000      0.000000      0.000000      0.000000      0.000000      0.000000  5.070383E-20
138      714.0000      254.1910      1.000000      1033.000      5097.102      5.973121      1.671843   0.003131042  -1.335787E-19  1.219515E-19      -1.095343      0.000000      0.000000      0.000000      0.000000      0.000000      0.000000  4.086352E-20
139      714.0000      255.1910      1.000000      1032.000      5095.653      7.610996      1.671084   0.003989598  -9.085196E-20  1.194593E-19     -0.7605264      0.000000      0.000000      0.000000      0.000000      0.000000      0.000000  4.244136E-20
140      714.0000      256.1910      1.000000      1033.000      5097.250      4.552666      1.671921   0.002386456  -3.492259E-20  1.210460E-19     -0.2885067      0.000000      0.000000      0.000000      0.000000      0.000000      0.000000  3.609919E-20
141      714.0000      257.1910      1.000000      1032.000      5095.925      8.690412      1.671227   0.004555415  -9.147982E-22  1.248294E-19   -0.007328387      0.000000      0.000000      0.000000      0.000000      0.000000      0.000000  4.343246E-20
