 AP       XCENTER       YCENTER        APSIZE       PIXPEAK          WAVE       WAVEERR             Z          ZERR         SIGNAL         NOISE          RATIO      BBEWREST   BBEWRESTERR       WAVEFIT    WAVEFITERR          FWHM       FWHMERR          FLIM
--- ------------- ------------- ------------- ------------- ------------- ------------- ------------- ------------- -------------- ------------- -------------- ------------- ------------- ------------- ------------- ------------- ------------- -------------
  1      2637.000      121.7360      1.000000      3329.000      9958.312      13.53430      1.671873   0.003631330  -5.224784E-20  2.693116E-19     -0.1940051      0.000000      0.000000      0.000000      0.000000      0.000000      0.000000  7.941201E-20
  2      2637.000      122.7360      1.000000      3333.000      9962.295      10.37158      1.672942   0.002782756  -1.699530E-19  2.513373E-19     -0.6761949      0.000000      0.000000      0.000000      0.000000      0.000000      0.000000  1.039224E-19
  3      2637.000      123.7360      1.000000      3331.000      9960.365      9.509282      1.672424   0.002551396  -1.045256E-19  2.844674E-19     -0.3674432      0.000000      0.000000      0.000000      0.000000      0.000000      0.000000  8.838851E-20
  4      2637.000      124.7360      1.000000      3327.000      9955.670      11.08930      1.671164   0.002975323  -1.625683E-19  3.365595E-19     -0.4830300      0.000000      0.000000      0.000000      0.000000      0.000000      0.000000  9.335045E-20
  5      2637.000      125.7360      1.000000      3330.000      9959.393      9.002532      1.672163   0.002415432  -1.088087E-19  2.629308E-19     -0.4138299      0.000000      0.000000      0.000000      0.000000      0.000000      0.000000  7.725586E-20
  6      2637.000      126.7360      1.000000      3329.000      9957.809      9.445763      1.671738   0.002534353  -2.791575E-19  3.101931E-19     -0.8999473      0.000000      0.000000      0.000000      0.000000      0.000000      0.000000  8.354721E-20
  7      2637.000      127.7360      1.000000      3331.000      9960.609      12.72906      1.672490   0.003415281  -1.463683E-19  2.534460E-19     -0.5775125      0.000000      0.000000      0.000000      0.000000      0.000000      0.000000  8.780173E-20
  8      2637.000      128.7360      1.000000      3331.000      9960.619      6.413726      1.672492   0.001720840  -2.286407E-19  2.743134E-19     -0.8335016      0.000000      0.000000      0.000000      0.000000      0.000000      0.000000  8.047203E-20
  9      2637.000      129.7360      1.000000      3333.000      9963.176      6.170185      1.673178   0.001655497  -2.797970E-19  2.368272E-19      -1.181440      0.000000      0.000000      0.000000      0.000000      0.000000      0.000000  8.545189E-20
 10      2637.000      130.7360      1.000000      3330.000      9959.489      9.024570      1.672189   0.002421345  -7.701566E-20  2.570932E-19     -0.2995632      0.000000      0.000000      0.000000      0.000000      0.000000      0.000000  8.781652E-20
 11      2637.000      131.7360      1.000000      3330.000      9959.761      10.45907      1.672262   0.002806230   1.447137E-19  3.047884E-19      0.4748004      0.000000      0.000000      0.000000      0.000000      0.000000      0.000000  7.309761E-20
 12      2637.000      132.7360      1.000000      3330.000      9959.729      10.72906      1.672253   0.002878670   2.598445E-20  2.577810E-19      0.1008005      0.000000      0.000000      0.000000      0.000000      0.000000      0.000000  7.089547E-20
 13      2637.000      133.7360      1.000000      3330.000      9959.693      8.656777      1.672244   0.002322664  -1.522329E-19  2.802693E-19     -0.5431667      0.000000      0.000000      0.000000      0.000000      0.000000      0.000000  7.863671E-20
 14      2637.000      134.7360      1.000000      3328.000      9956.846      11.97323      1.671480   0.003212488  -1.036206E-19  2.985365E-19     -0.3470952      0.000000      0.000000      0.000000      0.000000      0.000000      0.000000  7.982532E-20
 15      2637.000      135.7360      1.000000      3328.000      9957.371      11.31139      1.671621   0.003034912  -1.317031E-19  3.030012E-19     -0.4346619      0.000000      0.000000      0.000000      0.000000      0.000000      0.000000  6.937847E-20
 16      2637.000      136.7360      1.000000      3329.000      9958.138      9.736506      1.671826   0.002612361   5.349066E-20  3.154900E-19      0.1695479      0.000000      0.000000      0.000000      0.000000      0.000000      0.000000  8.031619E-20
 17      2637.000      137.7360      1.000000      3330.000      9959.413      9.117611      1.672168   0.002446308  -5.055285E-20  2.752069E-19     -0.1836903      0.000000      0.000000      0.000000      0.000000      0.000000      0.000000  8.316615E-20
 18      2637.000      138.7360      1.000000      3329.000      9958.463      11.61602      1.671914   0.003116646  -1.060810E-19  2.948055E-19     -0.3598338      0.000000      0.000000      0.000000      0.000000      0.000000      0.000000  8.976875E-20
 19      2637.000      139.7360      1.000000      3331.000      9960.722      6.650015      1.672520   0.001784238  -2.048690E-19  2.683434E-19     -0.7634584      0.000000      0.000000      0.000000      0.000000      0.000000      0.000000  8.190304E-20
 20      2637.000      140.7360      1.000000      3331.000      9960.146      6.414829      1.672365   0.001721136  -1.557638E-19  2.954766E-19     -0.5271613      0.000000      0.000000      0.000000      0.000000      0.000000      0.000000  9.104070E-20
 21      2637.000      141.7360      1.000000      3329.000      9958.145      6.922124      1.671828   0.001857246  -2.345514E-19  2.834276E-19     -0.8275531      0.000000      0.000000      0.000000      0.000000      0.000000      0.000000  7.014284E-20
 22      2637.000      142.7360      1.000000      3330.000      9959.374      6.924156      1.672158   0.001857791  -1.375315E-19  2.719541E-19     -0.5057158      0.000000      0.000000      0.000000      0.000000      0.000000      0.000000  9.048486E-20
 23      2637.000      143.7360      1.000000      3331.000      9959.968      4.120698      1.672318   0.001105607  -3.011042E-19  3.155939E-19     -0.9540875      0.000000      0.000000      0.000000      0.000000      0.000000      0.000000  8.287992E-20
 24      2637.000      144.7360      1.000000      3329.000      9958.021      7.005787      1.671795   0.001879694  -2.233177E-19  2.956811E-19     -0.7552655      0.000000      0.000000      0.000000      0.000000      0.000000      0.000000  7.970302E-20
 25      2637.000      145.7360      1.000000      3332.000      9961.175      6.812839      1.672641   0.001827924  -1.826112E-19  2.728769E-19     -0.6692071      0.000000      0.000000      0.000000      0.000000      0.000000      0.000000  8.269438E-20
 26      2637.000      146.7360      1.000000      3328.000      9956.648      7.653128      1.671427   0.002053379  -1.483042E-19  3.078715E-19     -0.4817080      0.000000      0.000000      0.000000      0.000000      0.000000      0.000000  7.445835E-20
 27      2637.000      147.7360      1.000000      3326.000      9954.322      7.639405      1.670803   0.002049697  -2.720807E-19  2.923324E-19     -0.9307237      0.000000      0.000000      0.000000      0.000000      0.000000      0.000000  8.401836E-20
 28      2637.000      148.7360      1.000000      3328.000      9957.437      5.900597      1.671638   0.001583165  -1.853686E-19  2.439839E-19     -0.7597575      0.000000      0.000000      0.000000      0.000000      0.000000      0.000000  7.817878E-20
 29      2637.000      149.7360      1.000000      3328.000      9956.424      7.038864      1.671366   0.001888568  -2.988377E-19  3.664774E-19     -0.8154330      0.000000      0.000000      0.000000      0.000000      0.000000      0.000000  9.415356E-20
 30      2637.000      150.7360      1.000000      3323.000      9950.691     0.9943969      1.669828  0.0002668025  -6.371971E-20  2.716548E-19     -0.2345613      0.000000      0.000000      0.000000      0.000000      0.000000      0.000000  9.113781E-20
 31      2637.000      151.7360      1.000000      3331.000      9960.486      9.139763      1.672457   0.002452252   5.793876E-20  2.908396E-19      0.1992121      0.000000      0.000000      0.000000      0.000000      0.000000      0.000000  5.842862E-20
 32      2637.000      152.7360      1.000000      3329.000      9957.577     0.4774698      1.671676  0.0001281079   1.458806E-20  3.337984E-19     0.04370320      0.000000      0.000000      0.000000      0.000000      0.000000      0.000000  6.446059E-20
 33      2637.000      153.7360      1.000000      3331.000      9960.922      7.548307      1.672573   0.002025255  -1.120274E-19  2.877627E-19     -0.3893046      0.000000      0.000000      0.000000      0.000000      0.000000      0.000000  8.469590E-20
 34      2637.000      154.7360      1.000000      3334.000      9963.547      7.727985      1.673278   0.002073464  -1.271123E-19  2.667975E-19     -0.4764375      0.000000      0.000000      0.000000      0.000000      0.000000      0.000000  7.661616E-20
 35      2637.000      155.7360      1.000000      3330.000      9959.292      7.610573      1.672136   0.002041961  -1.400663E-19  2.849047E-19     -0.4916253      0.000000      0.000000      0.000000      0.000000      0.000000      0.000000  6.461563E-20
 36      2637.000      156.7360      1.000000      3330.000      9959.722      9.319763      1.672251   0.002500547   1.104081E-19  2.868474E-19      0.3849020      0.000000      0.000000      0.000000      0.000000      0.000000      0.000000  1.012114E-19
 37      2637.000      157.7360      1.000000      3331.000      9960.745      5.912833      1.672526   0.001586448  -2.367761E-19  3.021519E-19     -0.7836326      0.000000      0.000000      0.000000      0.000000      0.000000      0.000000  8.619949E-20
 38      2637.000      158.7360      1.000000      3328.000      9957.037      8.694785      1.671531   0.002332862  -1.645485E-19  2.913528E-19     -0.5647740      0.000000      0.000000      0.000000      0.000000      0.000000      0.000000  6.483844E-20
 39      2637.000      159.7360      1.000000      3325.000      9953.598      7.338734      1.670608   0.001969025  -2.121761E-19  2.902359E-19     -0.7310471      0.000000      0.000000      0.000000      0.000000      0.000000      0.000000  7.465467E-20
 40      2637.000      160.7360      1.000000      3331.000      9960.823      10.24412      1.672547   0.002748557   1.483773E-19  2.818348E-19      0.5264691      0.000000      0.000000      0.000000      0.000000      0.000000      0.000000  8.656182E-20
 41      2637.000      161.7360      1.000000      3329.000      9958.292      9.138435      1.671868   0.002451896   2.633588E-19  2.699870E-19      0.9754500      0.000000      0.000000      0.000000      0.000000      0.000000      0.000000  8.219936E-20
 42      2637.000      162.7360      1.000000      3328.000      9957.317      11.38909      1.671606   0.003055759  -5.631893E-20  3.113126E-19     -0.1809080      0.000000      0.000000      0.000000      0.000000      0.000000      0.000000  8.067325E-20
 43      2637.000      163.7360      1.000000      3329.000      9958.588      8.104492      1.671947   0.002174482   1.735445E-19  2.969234E-19      0.5844758      0.000000      0.000000      0.000000      0.000000      0.000000      0.000000  7.038717E-20
 44      2637.000      164.7360      1.000000      3328.000      9956.471      11.70703      1.671379   0.003141064  -8.556404E-20  2.847554E-19     -0.3004826      0.000000      0.000000      0.000000      0.000000      0.000000      0.000000  7.143314E-20
 45      2637.000      165.7360      1.000000      3330.000      9959.837      7.924330      1.672282   0.002126144   1.724853E-21  2.733922E-19    0.006309082      0.000000      0.000000      0.000000      0.000000      0.000000      0.000000  8.187899E-20
 46      2637.000      166.7360      1.000000      3329.000      9958.281      9.621032      1.671865   0.002581379   1.362498E-19  2.949492E-19      0.4619433      0.000000      0.000000      0.000000      0.000000      0.000000      0.000000  7.451850E-20
 47      2637.000      167.7360      1.000000      3329.000      9957.997      9.185750      1.671789   0.002464590   1.043311E-19  2.588084E-19      0.4031209      0.000000      0.000000      0.000000      0.000000      0.000000      0.000000  6.765540E-20
 48      2637.000      168.7360      1.000000      3329.000      9957.658      8.205260      1.671698   0.002201519  -8.761019E-20  3.233635E-19     -0.2709340      0.000000      0.000000      0.000000      0.000000      0.000000      0.000000  8.105398E-20
 49      2637.000      169.7360      1.000000      3330.000      9959.078      10.99964      1.672079   0.002951266   8.764347E-20  2.915877E-19      0.3005733      0.000000      0.000000      0.000000      0.000000      0.000000      0.000000  8.330318E-20
 50      2637.000      170.7360      1.000000      3327.000      9955.714      8.801118      1.671176   0.002361391   3.460934E-19  2.560495E-19       1.351666      0.000000      0.000000      0.000000      0.000000      0.000000      0.000000  7.053668E-20
 51      2637.000      171.7360      1.000000      3328.000      9957.165      11.35280      1.671566   0.003046022   1.671785E-19  2.955434E-19      0.5656648      0.000000      0.000000      0.000000      0.000000      0.000000      0.000000  7.338595E-20
 52      2637.000      172.7360      1.000000      3332.000      9961.749      7.835450      1.672795   0.002102297   3.945440E-19  2.599738E-19       1.517630      0.000000      0.000000      0.000000      0.000000      0.000000      0.000000  7.413022E-20
 53      2637.000      173.7360      1.000000      3330.000      9959.031      6.984068      1.672066   0.001873866   3.618279E-19  2.625533E-19       1.378112      0.000000      0.000000      0.000000      0.000000      0.000000      0.000000  8.220924E-20
 54      2637.000      174.7360      1.000000      3331.000      9960.576      7.279600      1.672481   0.001953159   3.677488E-19  2.784939E-19       1.320491      0.000000      0.000000      0.000000      0.000000      0.000000      0.000000  7.605590E-20
 55      2637.000      175.7360      1.000000      3332.000      9961.969      15.13867      1.672854   0.004061795   2.794788E-19  2.687296E-19       1.040000      0.000000      0.000000      0.000000      0.000000      0.000000      0.000000  8.826733E-20
 56      2637.000      176.7360      1.000000      3329.000      9957.660      7.850696      1.671698   0.002106388   4.272656E-19  3.035057E-19       1.407768      0.000000      0.000000      0.000000      0.000000      0.000000      0.000000  7.323665E-20
 57      2637.000      177.7360      1.000000      3331.000      9960.618      6.369675      1.672492   0.001709021   3.332655E-19  2.929609E-19       1.137577      0.000000      0.000000      0.000000      0.000000      0.000000      0.000000  7.629531E-20
 58      2637.000      178.7360      1.000000      3334.000      9964.187      6.831861      1.673449   0.001833028   3.277068E-19  2.593749E-19       1.263448      0.000000      0.000000      0.000000      0.000000      0.000000      0.000000  8.129274E-20
 59      2637.000      179.7360      1.000000      3330.000      9958.881      4.991393      1.672026   0.001339220   3.920314E-19  2.846765E-19       1.377112      0.000000      0.000000      0.000000      0.000000      0.000000      0.000000  6.753248E-20
 60      2637.000      180.7360      1.000000      3330.000      9958.961      3.202694      1.672047  0.0008593016   5.817781E-19  2.916486E-19       1.994791      0.000000      0.000000      0.000000      0.000000      0.000000      0.000000  7.607222E-20
 61      2637.000      181.7360      1.000000      3330.000      9959.193      3.771109      1.672110   0.001011811   4.785413E-19  2.756684E-19       1.735931      0.000000      0.000000      0.000000      0.000000      0.000000      0.000000  7.093466E-20
 62      2637.000      182.7360      1.000000      3329.000      9958.584      3.695098      1.671946  0.0009914164   6.091421E-19  2.861835E-19       2.128502     0.3592745     0.1706095      9957.733      5.669580      16.70215      9.846418  8.349148E-20
 63      2637.000      183.7360      1.000000      3328.000      9957.438      2.874617      1.671639  0.0007712766   8.344781E-19  2.973922E-19       2.805986     0.4922352     0.1786928      9957.936      4.870732      18.18686      11.90876  7.252398E-20
 64      2637.000      184.7360      1.000000      3331.000      9960.011      3.368357      1.672329  0.0009037500   7.006430E-19  2.638784E-19       2.655173     0.4131829     0.1582137      9963.105      4.928710      19.93504      11.27601  8.930415E-20
 65      2637.000      185.7360      1.000000      3329.000      9958.364      4.321660      1.671887   0.001159527   6.141246E-19  2.831230E-19       2.169109     0.3622211     0.1688576      9960.200      5.064980      16.64304      11.47688  7.510480E-20
 66      2637.000      186.7360      1.000000      3330.000      9959.730      4.866869      1.672254   0.001305809   4.923308E-19  2.779287E-19       1.771428      0.000000      0.000000      0.000000      0.000000      0.000000      0.000000  6.833252E-20
 67      2637.000      187.7360      1.000000      3335.000      9964.811      6.713636      1.673617   0.001801308   4.424647E-19  2.397738E-19       1.845343      0.000000      0.000000      0.000000      0.000000      0.000000      0.000000  6.646239E-20
 68      2637.000      188.7360      1.000000      3332.000      9961.641      3.940098      1.672766   0.001057151   7.206624E-19  2.769783E-19       2.601873     0.4249192     0.1659332      9961.135      5.453772      18.23731      12.79170  9.052805E-20
 69      2637.000      189.7360      1.000000      3330.000      9959.235      4.761773      1.672121   0.001277611   4.311169E-19  2.742913E-19       1.571748      0.000000      0.000000      0.000000      0.000000      0.000000      0.000000  8.449445E-20
 70      2637.000      190.7360      1.000000      3333.000      9962.334      7.963977      1.672952   0.002136782   3.812550E-19  2.724586E-19       1.399313      0.000000      0.000000      0.000000      0.000000      0.000000      0.000000  9.540323E-20
 71      2637.000      191.7360      1.000000      3330.000      9958.685      6.204134      1.671973   0.001664605   3.147773E-19  2.920837E-19       1.077696      0.000000      0.000000      0.000000      0.000000      0.000000      0.000000  8.466916E-20
 72      2637.000      192.7360      1.000000      3329.000      9958.149      5.204515      1.671829   0.001396402   2.389050E-19  2.933646E-19      0.8143622      0.000000      0.000000      0.000000      0.000000      0.000000      0.000000  1.051732E-19
 73      2637.000      193.7360      1.000000      3330.000      9958.899      6.999458      1.672031   0.001877995   1.673425E-19  3.239555E-19      0.5165600      0.000000      0.000000      0.000000      0.000000      0.000000      0.000000  7.426448E-20
 74      2637.000      194.7360      1.000000      3333.000      9963.298      9.192317      1.673211   0.002466352   3.889377E-19  2.824147E-19       1.377187      0.000000      0.000000      0.000000      0.000000      0.000000      0.000000  8.500953E-20
 75      2637.000      195.7360      1.000000      3330.000      9959.536      7.366888      1.672202   0.001976579   1.135603E-19  2.682530E-19      0.4233329      0.000000      0.000000      0.000000      0.000000      0.000000      0.000000  8.954284E-20
 76      2637.000      196.7360      1.000000      3331.000      9960.512      9.781486      1.672463   0.002624430   2.729542E-20  2.679190E-19      0.1018794      0.000000      0.000000      0.000000      0.000000      0.000000      0.000000  9.259414E-20
 77      2637.000      197.7360      1.000000      3329.000      9958.393      10.32060      1.671895   0.002769076  -4.272629E-20  3.015954E-19     -0.1416676      0.000000      0.000000      0.000000      0.000000      0.000000      0.000000  8.847701E-20
 78      2637.000      198.7360      1.000000      3329.000      9958.543      7.282968      1.671935   0.001954063   2.082967E-19  2.947913E-19      0.7065904      0.000000      0.000000      0.000000      0.000000      0.000000      0.000000  7.530037E-20
 79      2637.000      199.7360      1.000000      3330.000      9959.405      7.499344      1.672167   0.002012118   1.414487E-19  2.900344E-19      0.4876964      0.000000      0.000000      0.000000      0.000000      0.000000      0.000000  7.219729E-20
 80      2637.000      200.7360      1.000000      3332.000      9961.344      11.54817      1.672687   0.003098441   1.295202E-19  2.970856E-19      0.4359692      0.000000      0.000000      0.000000      0.000000      0.000000      0.000000  7.342392E-20
 81      2637.000      201.7360      1.000000      3330.000      9959.643      10.00951      1.672230   0.002685611   8.498365E-20  3.182244E-19      0.2670557      0.000000      0.000000      0.000000      0.000000      0.000000      0.000000  9.087240E-20
 82      2637.000      202.7360      1.000000      3329.000      9958.050      6.490213      1.671803   0.001741362   2.172904E-19  3.026130E-19      0.7180472      0.000000      0.000000      0.000000      0.000000      0.000000      0.000000  7.926108E-20
 83      2637.000      203.7360      1.000000      3330.000      9959.263      7.062863      1.672128   0.001895007   1.871673E-19  3.038906E-19      0.6159037      0.000000      0.000000      0.000000      0.000000      0.000000      0.000000  8.584776E-20
 84      2637.000      204.7360      1.000000      3330.000      9958.688      8.526781      1.671974   0.002287785   2.871973E-19  2.961901E-19      0.9696382      0.000000      0.000000      0.000000      0.000000      0.000000      0.000000  8.644456E-20
 85      2637.000      205.7360      1.000000      3329.000      9958.646      10.22023      1.671963   0.002742148   2.146030E-19  2.827799E-19      0.7589049      0.000000      0.000000      0.000000      0.000000      0.000000      0.000000  8.934425E-20
 86      2637.000      206.7360      1.000000      3332.000      9961.599      6.910475      1.672755   0.001854121   1.154618E-19  2.712547E-19      0.4256582      0.000000      0.000000      0.000000      0.000000      0.000000      0.000000  7.991534E-20
 87      2637.000      207.7360      1.000000      3329.000      9958.438      5.373715      1.671907   0.001441799   3.465051E-19  2.834696E-19       1.222371      0.000000      0.000000      0.000000      0.000000      0.000000      0.000000  9.221329E-20
 88      2637.000      208.7360      1.000000      3331.000      9960.068      5.457540      1.672344   0.001464290   4.179662E-19  2.893132E-19       1.444684      0.000000      0.000000      0.000000      0.000000      0.000000      0.000000  7.943770E-20
 89      2637.000      209.7360      1.000000      3326.000      9954.803      7.719618      1.670932   0.002071219   2.666227E-19  2.830635E-19      0.9419180      0.000000      0.000000      0.000000      0.000000      0.000000      0.000000  6.269593E-20
 90      2637.000      210.7360      1.000000      3329.000      9958.014      10.50422      1.671793   0.002818344   1.117260E-20  2.901806E-19     0.03850222      0.000000      0.000000      0.000000      0.000000      0.000000      0.000000  9.423598E-20
 91      2637.000      211.7360      1.000000      3330.000      9959.322      7.436806      1.672144   0.001995338   1.965779E-19  2.538177E-19      0.7744846      0.000000      0.000000      0.000000      0.000000      0.000000      0.000000  8.614162E-20
 92      2637.000      212.7360      1.000000      3331.000      9959.891      9.987146      1.672297   0.002679610   1.625896E-19  2.936045E-19      0.5537709      0.000000      0.000000      0.000000      0.000000      0.000000      0.000000  7.783255E-20
 93      2637.000      213.7360      1.000000      3330.000      9958.910      12.04272      1.672034   0.003231131   1.052957E-19  3.015223E-19      0.3492138      0.000000      0.000000      0.000000      0.000000      0.000000      0.000000  8.782299E-20
 94      2637.000      214.7360      1.000000      3330.000      9959.384      11.10692      1.672161   0.002980052  -2.273391E-20  2.933924E-19    -0.07748635      0.000000      0.000000      0.000000      0.000000      0.000000      0.000000  7.926831E-20
 95      2637.000      215.7360      1.000000      3327.000      9955.790      7.667715      1.671196   0.002057292  -2.683308E-19  3.152409E-19     -0.8511929      0.000000      0.000000      0.000000      0.000000      0.000000      0.000000  7.344352E-20
 96      2637.000      216.7360      1.000000      3331.000      9960.095      7.205026      1.672352   0.001933151  -8.757809E-20  2.939151E-19     -0.2979707      0.000000      0.000000      0.000000      0.000000      0.000000      0.000000  8.694947E-20
 97      2637.000      217.7360      1.000000      3329.000      9957.625      11.27591      1.671689   0.003025393  -8.677608E-20  2.835660E-19     -0.3060173      0.000000      0.000000      0.000000      0.000000      0.000000      0.000000  7.567836E-20
 98      2637.000      218.7360      1.000000      3330.000      9959.491      8.587008      1.672189   0.002303944  -1.540000E-19  2.767616E-19     -0.5564356      0.000000      0.000000      0.000000      0.000000      0.000000      0.000000  7.778433E-20
 99      2637.000      219.7360      1.000000      3327.000      9955.884      7.099490      1.671222   0.001904835  -3.075982E-20  2.876171E-19     -0.1069471      0.000000      0.000000      0.000000      0.000000      0.000000      0.000000  7.266250E-20
100      2637.000      220.7360      1.000000      3329.000      9958.513      14.98695      1.671927   0.004021086  -1.434634E-19  2.708571E-19     -0.5296648      0.000000      0.000000      0.000000      0.000000      0.000000      0.000000  8.278163E-20
101      2637.000      221.7360      1.000000      3328.000      9956.425      8.604219      1.671367   0.002308562   8.451967E-20  3.002914E-19      0.2814589      0.000000      0.000000      0.000000      0.000000      0.000000      0.000000  8.149541E-20
102      2637.000      222.7360      1.000000      3320.000      9947.155     0.4791486      1.668880  0.0001285584   1.967891E-19  2.838748E-19      0.6932250      0.000000      0.000000      0.000000      0.000000      0.000000      0.000000  8.892475E-20
103      2637.000      223.7360      1.000000      3333.000      9962.311      5.265695      1.672946   0.001412817  -3.205673E-19  2.727974E-19      -1.175111      0.000000      0.000000      0.000000      0.000000      0.000000      0.000000  8.184069E-20
104      2637.000      224.7360      1.000000      3324.000      9952.347     0.5427301      1.670273  0.0001456177   4.680731E-20  3.120092E-19      0.1500190      0.000000      0.000000      0.000000      0.000000      0.000000      0.000000  8.021761E-20
105      2637.000      225.7360      1.000000      3335.000      9964.958      12.89202      1.673656   0.003459004  -3.147981E-19  2.657747E-19      -1.184455      0.000000      0.000000      0.000000      0.000000      0.000000      0.000000  1.012617E-19
106      2637.000      226.7360      1.000000      3329.000      9957.764      10.29335      1.671726   0.002761765  -1.655266E-19  3.096784E-19     -0.5345113      0.000000      0.000000      0.000000      0.000000      0.000000      0.000000  8.779042E-20
107      2637.000      227.7360      1.000000      3327.000      9955.763      13.05027      1.671189   0.003501464  -2.978111E-20  2.992158E-19    -0.09953054      0.000000      0.000000      0.000000      0.000000      0.000000      0.000000  8.584287E-20
108      2637.000      228.7360      1.000000      3333.000      9962.379     0.6091791      1.672964  0.0001634463  -1.947268E-20  2.567777E-19    -0.07583478      0.000000      0.000000      0.000000      0.000000      0.000000      0.000000  6.865274E-20
109      2637.000      229.7360      1.000000      3331.000      9960.321      14.36130      1.672412   0.003853221  -2.086074E-19  2.818393E-19     -0.7401642      0.000000      0.000000      0.000000      0.000000      0.000000      0.000000  7.277172E-20
110      2637.000      230.7360      1.000000      3330.000      9958.701      11.12203      1.671978   0.002984106  -2.109384E-19  3.067080E-19     -0.6877499      0.000000      0.000000      0.000000      0.000000      0.000000      0.000000  8.892813E-20
111      2637.000      231.7360      1.000000      3329.000      9957.514      9.264973      1.671659   0.002485846  -1.210826E-19  4.834181E-19     -0.2504718      0.000000      0.000000      0.000000      0.000000      0.000000      0.000000  8.799918E-20
112      2637.000      232.7360      1.000000      3329.000      9958.242      11.49120      1.671854   0.003083156  -1.742053E-19  3.123465E-19     -0.5577309      0.000000      0.000000      0.000000      0.000000      0.000000      0.000000  8.716929E-20
113      2637.000      233.7360      1.000000      3331.000      9960.260      7.581401      1.672396   0.002034134  -2.933852E-19  2.915459E-19      -1.006309      0.000000      0.000000      0.000000      0.000000      0.000000      0.000000  8.859888E-20
114      2637.000      234.7360      1.000000      3328.000      9956.985      9.791622      1.671517   0.002627149  -1.011391E-19  2.791892E-19     -0.3622601      0.000000      0.000000      0.000000      0.000000      0.000000      0.000000  8.312705E-20
115      2637.000      235.7360      1.000000      3330.000      9959.751      6.728861      1.672259   0.001805393  -3.819556E-19  3.016944E-19      -1.266035      0.000000      0.000000      0.000000      0.000000      0.000000      0.000000  8.727754E-20
116      2637.000      236.7360      1.000000      3330.000      9958.767      7.732888      1.671995   0.002074779  -3.637670E-19  2.596229E-19      -1.401136      0.000000      0.000000      0.000000      0.000000      0.000000      0.000000  6.781203E-20
117      2637.000      237.7360      1.000000      3331.000      9960.894      10.92502      1.672566   0.002931246  -2.846631E-19  2.833827E-19      -1.004518      0.000000      0.000000      0.000000      0.000000      0.000000      0.000000  7.312586E-20
118      2637.000      238.7360      1.000000      3335.000      9965.558     0.5552771      1.673817  0.0001489841  -2.120956E-19  2.643505E-19     -0.8023272      0.000000      0.000000      0.000000      0.000000      0.000000      0.000000  1.018415E-19
119      2637.000      239.7360      1.000000      3331.000      9960.937      7.749427      1.672577   0.002079217  -4.412143E-19  2.850359E-19      -1.547925      0.000000      0.000000      0.000000      0.000000      0.000000      0.000000  8.965706E-20
120      2637.000      240.7360      1.000000      3328.000      9957.146      11.04525      1.671560   0.002963506  -1.198315E-19  2.922186E-19     -0.4100749      0.000000      0.000000      0.000000      0.000000      0.000000      0.000000  8.704610E-20
121      2637.000      241.7360      1.000000      3327.000      9955.194      11.32281      1.671037   0.003037977   1.105828E-19  2.993798E-19      0.3693730      0.000000      0.000000      0.000000      0.000000      0.000000      0.000000  7.504795E-20
122      2637.000      242.7360      1.000000      3329.000      9958.505      8.593625      1.671925   0.002305720  -1.817869E-19  3.054778E-19     -0.5950905      0.000000      0.000000      0.000000      0.000000      0.000000      0.000000  5.349578E-20
123      2637.000      243.7360      1.000000      3335.000      9964.862      10.39174      1.673631   0.002788163  -2.770224E-19  2.469262E-19      -1.121883      0.000000      0.000000      0.000000      0.000000      0.000000      0.000000  8.070801E-20
124      2637.000      244.7360      1.000000      3334.000      9964.486      13.19197      1.673530   0.003539481  -4.306681E-19  2.908240E-19      -1.480855      0.000000      0.000000      0.000000      0.000000      0.000000      0.000000  7.976805E-20
125      2637.000      245.7360      1.000000      3330.000      9959.192      10.58765      1.672109   0.002840729  -2.030282E-19  2.713975E-19     -0.7480844      0.000000      0.000000      0.000000      0.000000      0.000000      0.000000  7.374540E-20
126      2637.000      246.7360      1.000000      3329.000      9957.957      16.36397      1.671778   0.004390548   1.402557E-21  2.747989E-19    0.005103938      0.000000      0.000000      0.000000      0.000000      0.000000      0.000000  6.844638E-20
127      2637.000      247.7360      1.000000      3328.000      9956.808      23.03329      1.671469   0.006179967   5.836377E-20  2.809939E-19      0.2077048      0.000000      0.000000      0.000000      0.000000      0.000000      0.000000  7.433236E-20
128      2637.000      248.7360      1.000000      3329.000      9958.246      12.80974      1.671855   0.003436929  -2.644239E-20  2.930334E-19    -0.09023678      0.000000      0.000000      0.000000      0.000000      0.000000      0.000000  7.752894E-20
129      2637.000      249.7360      1.000000      3330.000      9959.655      8.499481      1.672234   0.002280460  -2.326758E-19  2.965531E-19     -0.7846009      0.000000      0.000000      0.000000      0.000000      0.000000      0.000000  9.353613E-20
130      2637.000      250.7360      1.000000      3328.000      9956.734      14.61918      1.671450   0.003922411  -7.181025E-20  2.975634E-19     -0.2413275      0.000000      0.000000      0.000000      0.000000      0.000000      0.000000  8.726052E-20
131      2637.000      251.7360      1.000000      3331.000      9960.264      10.04891      1.672397   0.002696180  -8.234360E-20  2.894931E-19     -0.2844406      0.000000      0.000000      0.000000      0.000000      0.000000      0.000000  7.942151E-20
132      2637.000      252.7360      1.000000      3328.000      9956.983      11.02572      1.671517   0.002958266   9.968748E-21  2.931247E-19     0.03400855      0.000000      0.000000      0.000000      0.000000      0.000000      0.000000  7.102039E-20
133      2637.000      253.7360      1.000000      3329.000      9958.366      13.59383      1.671888   0.003647304   7.304357E-21  2.991151E-19     0.02441989      0.000000      0.000000      0.000000      0.000000      0.000000      0.000000  6.908301E-20
134      2637.000      254.7360      1.000000      3328.000      9957.093      11.91510      1.671546   0.003196890   5.537197E-20  2.862096E-19      0.1934665      0.000000      0.000000      0.000000      0.000000      0.000000      0.000000  7.457275E-20
135      2637.000      255.7360      1.000000      3330.000      9958.681      11.92986      1.671972   0.003200850   1.688631E-19  2.917968E-19      0.5787009      0.000000      0.000000      0.000000      0.000000      0.000000      0.000000  7.457342E-20
136      2637.000      256.7360      1.000000      3329.000      9958.052      12.02377      1.671803   0.003226046  -7.683181E-20  2.989968E-19     -0.2569653      0.000000      0.000000      0.000000      0.000000      0.000000      0.000000  7.191916E-20
137      2637.000      257.7360      1.000000      3328.000      9956.354      14.06872      1.671348   0.003774719  -9.803249E-20  2.889068E-19     -0.3393222      0.000000      0.000000      0.000000      0.000000      0.000000      0.000000  5.968431E-20
138      2637.000      258.7360      1.000000      3329.000      9958.169      9.236950      1.671835   0.002478328  -2.980594E-19  3.029823E-19     -0.9837518      0.000000      0.000000      0.000000      0.000000      0.000000      0.000000  7.517186E-20
139      2637.000      259.7360      1.000000      3327.000      9955.430      10.33253      1.671100   0.002772278  -2.006070E-20  3.097434E-19    -0.06476555      0.000000      0.000000      0.000000      0.000000      0.000000      0.000000  8.350601E-20
140      2637.000      260.7360      1.000000      3329.000      9958.221      13.85957      1.671849   0.003718604   4.234923E-20  2.396327E-19      0.1767256      0.000000      0.000000      0.000000      0.000000      0.000000      0.000000  7.368485E-20
141      2637.000      261.7360      1.000000      3329.000      9957.797      10.69233      1.671735   0.002868816  -7.675535E-20  2.894682E-19     -0.2651598      0.000000      0.000000      0.000000      0.000000      0.000000      0.000000  6.823154E-20
